shape_id,shape_pt_lat,shape_pt_lon,shape_pt_sequence,shape_dist_traveled
p_2364,38.23775,-122.06634,1,0
p_2364,38.23592,-122.06633,2,203.13364903
p_2364,38.23591,-122.06753,3,308.19992148
p_2364,38.23589,-122.06968,4,496.44628345
p_2364,38.23581,-122.07011,5,535.12610061
p_2364,38.23566,-122.07039,6,564.76005143
p_2364,38.23603,-122.07064,7,611.29864725
p_2364,38.23643,-122.07081,8,658.12718753
p_2364,38.23694,-122.07117,9,722.92007793
p_2364,38.23684,-122.07139,10,745.15049044
p_2364,38.23588,-122.07349,11,957.65399823
p_2364,38.23541,-122.07442,12,1054.35620242
p_2364,38.23511,-122.07517,13,1127.98081416
p_2364,38.23489,-122.07587,14,1193.95293671
p_2364,38.23454,-122.07729,15,1324.20533364
p_2364,38.23438,-122.07807,16,1394.7675932
p_2364,38.23428,-122.07912,17,1487.36516293
p_2364,38.23423,-122.08039,18,1598.69505044
p_2364,38.23423,-122.08251,19,1784.3060556
p_2364,38.23423,-122.08377,20,1894.62203037
p_2364,38.2375086770181,-122.083981065345,21,2259.02710657
p_2364,38.2375017116218,-122.083983174423,22,2259.82201514
p_2364,38.23926,-122.084,23,2454.99932867
p_2364,38.2395,-122.08409,24,2482.78032294
p_2364,38.24027,-122.08413,25,2568.32281553
p_2364,38.24057,-122.08425,26,2603.24091792
p_2364,38.24099,-122.08462,27,2660.0095027
p_2364,38.2416,-122.08372,28,2763.8965377
p_2364,38.24191,-122.08306,29,2831.14560909
p_2364,38.24218,-122.08265,30,2877.90562067
p_2364,38.24279,-122.08224,31,2954.54110575
p_2364,38.24358,-122.08201,32,3044.51380859
p_2364,38.24404,-122.08167,33,3103.61596268
p_2364,38.24429,-122.08132,34,3144.95402887
p_2364,38.24492,-122.07992,35,3286.05770875
p_2364,38.24576,-122.07782,36,3492.18405606
p_2364,38.24594,-122.07702,37,3565.00928063
p_2364,38.2463,-122.07612,38,3653.34839534
p_2364,38.24669,-122.0749,39,3768.58482634
p_2364,38.24712,-122.07328,40,3918.21214236
p_2364,38.24739,-122.07246,41,3995.99778711
p_2364,38.2477,-122.07186,42,4058.78804347
p_2364,38.24791,-122.07103,43,4135.09078978
p_2364,38.24807,-122.0699,44,4235.58807756
p_2364,38.24842,-122.06917,45,4310.37234474
p_2364,38.248419,-122.069172,46,4310.57963924
p_2364,38.248409,-122.069036,47,4322.53608423
p_2364,38.248371,-122.068967,48,4329.90309133
p_2364,38.248312,-122.06887,49,4340.62625947
p_2364,38.248412,-122.068681,50,4360.54918485
p_2364,38.248932,-122.068481,51,4420.86638831
p_692,38.248952,-122.068503,1,0
p_692,38.249057,-122.068477,2,11.87525457
p_692,38.249149,-122.068457,3,22.23634081
p_692,38.249248,-122.068425,4,33.57683878
p_692,38.249276,-122.06836,5,40.06011884
p_692,38.249271,-122.068292,6,46.03827155
p_692,38.24924,-122.068201,7,54.71536331
p_692,38.249182,-122.068139,8,63.13572591
p_692,38.249118,-122.068175,9,70.90735529
p_692,38.24888,-122.068275,10,98.73807367
p_692,38.248653,-122.068392,11,125.93720073
p_692,38.248372,-122.068519,12,159.05043632
p_692,38.248107,-122.068574,13,188.8571402
p_692,38.24781,-122.06793,14,254.16238172
p_692,38.24754,-122.06731,15,316.16012822
p_692,38.2474,-122.06671,16,370.93280071
p_692,38.24739,-122.0662,17,415.59025096
p_692,38.24771,-122.0662,18,451.11062416
p_692,38.24931,-122.06616,19,628.74703095
p_692,38.24944,-122.06617,20,643.20371207
p_692,38.24947,-122.06622,21,648.70322918
p_692,38.25126,-122.06615,22,847.4898675
p_692,38.2517,-122.06621,23,896.6119744
p_692,38.25262,-122.06647,24,1001.23825023
p_692,38.25304,-122.06643,25,1047.99006741
p_692,38.25333,-122.06629,26,1082.43399309
p_692,38.25421,-122.06567,27,1194.17750288
p_692,38.25604,-122.06417,28,1436.04541171
p_692,38.25689,-122.06326,29,1559.52011168
p_692,38.25751,-122.06268,30,1645.03812744
p_692,38.25785,-122.06216,31,1704.1629069
p_692,38.258,-122.06169,32,1748.54106219
p_692,38.25803,-122.06139,33,1775.0085354
p_692,38.25805,-122.05988,34,1907.1881268
p_692,38.25793,-122.05861,35,2019.1386945
p_692,38.25793,-122.05668,36,2188.05989443
p_692,38.25845,-122.05668,37,2245.78060581
p_692,38.25912,-122.05687,38,2321.9880185
p_692,38.25945,-122.05706,39,2362.21639252
p_692,38.25991,-122.05744,40,2423.15327476
p_692,38.26025,-122.05758,41,2462.8329849
p_692,38.26047,-122.05761,42,2487.39404103
p_692,38.26071,-122.05759,43,2514.09182423
p_692,38.261,-122.05749,44,2547.45079364
p_692,38.26232,-122.05652,45,2716.78961304
p_692,38.26251,-122.05639,46,2740.75302724
p_692,38.26269,-122.05617,47,2768.50061557
p_692,38.2629,-122.05567,48,2818.08110433
p_692,38.26296,-122.05538,49,2844.32060586
p_692,38.26295,-122.0542,50,2947.59770434
p_692,38.26296,-122.05243,51,3102.508381
p_692,38.26293,-122.05198,52,3142.03198119
p_692,38.26287,-122.05178,53,3160.7598376
p_692,38.26249,-122.05106,54,3236.58762823
p_692,38.2624,-122.05044,55,3291.76109345
p_692,38.2624,-122.05003,56,3327.64370932
p_692,38.26089,-122.05002,57,3495.25815892
p_692,38.25429,-122.04996,58,4227.88593426
p_692,38.24926,-122.04998,59,4786.22494797
p_692,38.24922,-122.0419,60,5493.51652389
p_692,38.249037,-122.041891,61,5513.84501393
p_692,38.24903,-122.04189,62,5514.62693739
p_692,38.24589,-122.04193,63,5863.18818136
p_692,38.2459,-122.04321,64,5975.24279695
p_692,38.24368,-122.04325,65,6221.6901468
p_692,38.24216,-122.04326,66,6390.41405708
p_692,38.24192,-122.04331,67,6417.41151284
p_692,38.24168,-122.04356,68,6451.88892978
p_692,38.24162,-122.04376,69,6470.62154212
p_692,38.24161,-122.04407,70,6497.7827201
p_692,38.24186,-122.04469,71,6558.74219294
p_692,38.24208,-122.04489,72,6588.7904779
p_692,38.24221,-122.04492,73,6603.45766133
p_692,38.24243,-122.04486,74,6628.43639725
p_692,38.24268,-122.04452,75,6669.13034512
p_692,38.24384,-122.04044,76,7048.80057221
p_692,38.24386,-122.03995,77,7091.75298671
p_692,38.244,-122.03921,78,7158.3710241
p_692,38.24398,-122.03903,79,7174.28396161
p_692,38.24389,-122.03881,80,7195.97980415
p_692,38.24378,-122.03868,81,7212.67107407
p_692,38.2436,-122.03853,82,7236.57997265
p_692,38.24337,-122.03846,83,7262.83534748
p_692,38.24295,-122.0387,84,7313.97131108
p_692,38.24291,-122.03879,85,7323.01504131
p_692,38.24287,-122.0394,86,7376.59991501
p_692,38.24289,-122.04053,87,7475.54727015
p_692,38.24318,-122.04053,88,7507.73758353
p_692,38.243612,-122.040544,89,7555.70571256
p_692,38.243601,-122.040843,90,7581.90897037
p_692,38.243584,-122.040904,91,7587.57258558
p_692,38.2432,-122.041215,92,7638.14986913
p_692,38.2430547778662,-122.041371369974,93,7659.29778089
p_692,38.2429843817973,-122.041422908214,94,7668.32081348
p_693,38.248952,-122.068503,1,0
p_693,38.249057,-122.068477,2,11.87525457
p_693,38.249149,-122.068457,3,22.23634081
p_693,38.249248,-122.068425,4,33.57683878
p_693,38.249276,-122.06836,5,40.06011884
p_693,38.249271,-122.068292,6,46.03827155
p_693,38.24924,-122.068201,7,54.71536331
p_693,38.249182,-122.068139,8,63.13572591
p_693,38.249118,-122.068175,9,70.90735529
p_693,38.24888,-122.068275,10,98.73807367
p_693,38.248653,-122.068392,11,125.93720073
p_693,38.248372,-122.068519,12,159.05043632
p_693,38.248107,-122.068574,13,188.8571402
p_693,38.24781,-122.06793,14,254.16238172
p_693,38.24754,-122.06731,15,316.16012822
p_693,38.2474,-122.06671,16,370.93280071
p_693,38.24739,-122.0662,17,415.59025096
p_693,38.24771,-122.0662,18,451.11062416
p_693,38.24931,-122.06616,19,628.74703095
p_693,38.24944,-122.06617,20,643.20371207
p_693,38.24947,-122.06622,21,648.70322918
p_693,38.25126,-122.06615,22,847.4898675
p_693,38.2517,-122.06621,23,896.6119744
p_693,38.25262,-122.06647,24,1001.23825023
p_693,38.25304,-122.06643,25,1047.99006741
p_693,38.25333,-122.06629,26,1082.43399309
p_693,38.25421,-122.06567,27,1194.17750288
p_693,38.25604,-122.06417,28,1436.04541171
p_693,38.25689,-122.06326,29,1559.52011168
p_693,38.25751,-122.06268,30,1645.03812744
p_693,38.25785,-122.06216,31,1704.1629069
p_693,38.258,-122.06169,32,1748.54106219
p_693,38.25803,-122.06139,33,1775.0085354
p_693,38.25805,-122.05988,34,1907.1881268
p_693,38.25793,-122.05861,35,2019.1386945
p_693,38.25793,-122.05668,36,2188.05989443
p_693,38.25845,-122.05668,37,2245.78060581
p_693,38.25912,-122.05687,38,2321.9880185
p_693,38.25945,-122.05706,39,2362.21639252
p_693,38.25991,-122.05744,40,2423.15327476
p_693,38.26025,-122.05758,41,2462.8329849
p_693,38.26047,-122.05761,42,2487.39404103
p_693,38.26071,-122.05759,43,2514.09182423
p_693,38.261,-122.05749,44,2547.45079364
p_693,38.26232,-122.05652,45,2716.78961304
p_693,38.26251,-122.05639,46,2740.75302724
p_693,38.26269,-122.05617,47,2768.50061557
p_693,38.2629,-122.05567,48,2818.08110433
p_693,38.26296,-122.05538,49,2844.32060586
p_693,38.26295,-122.0542,50,2947.59770434
p_693,38.26296,-122.05243,51,3102.508381
p_693,38.26293,-122.05198,52,3142.03198119
p_693,38.26287,-122.05178,53,3160.7598376
p_693,38.26249,-122.05106,54,3236.58762823
p_693,38.2624,-122.05044,55,3291.76109345
p_693,38.2624,-122.05003,56,3327.64370932
p_693,38.26089,-122.05002,57,3495.25815892
p_693,38.25429,-122.04996,58,4227.88593426
p_693,38.24926,-122.04998,59,4786.22494797
p_693,38.24922,-122.0419,60,5493.51652389
p_693,38.249037,-122.041891,61,5513.84501393
p_693,38.24903,-122.04189,62,5514.62693739
p_693,38.24589,-122.04193,63,5863.18818136
p_693,38.2459,-122.04321,64,5975.24279695
p_693,38.24368,-122.04325,65,6221.6901468
p_693,38.24216,-122.04326,66,6390.41405708
p_693,38.24192,-122.04331,67,6417.41151284
p_693,38.24168,-122.04356,68,6451.88892978
p_693,38.24162,-122.04376,69,6470.62154212
p_693,38.24161,-122.04407,70,6497.7827201
p_693,38.24186,-122.04469,71,6558.74219294
p_693,38.24208,-122.04489,72,6588.7904779
p_693,38.24221,-122.04492,73,6603.45766133
p_693,38.24243,-122.04486,74,6628.43639725
p_693,38.24268,-122.04452,75,6669.13034512
p_693,38.24384,-122.04044,76,7048.80057221
p_693,38.24386,-122.03995,77,7091.75298671
p_693,38.244,-122.03921,78,7158.3710241
p_693,38.24398,-122.03903,79,7174.28396161
p_693,38.24389,-122.03881,80,7195.97980415
p_693,38.24378,-122.03868,81,7212.67107407
p_693,38.2436,-122.03853,82,7236.57997265
p_693,38.24337,-122.03846,83,7262.83534748
p_693,38.24295,-122.0387,84,7313.97131108
p_693,38.24291,-122.03879,85,7323.01504131
p_693,38.24287,-122.0394,86,7376.59991501
p_693,38.24289,-122.04053,87,7475.54727015
p_693,38.24318,-122.04053,88,7507.73758353
p_693,38.243612,-122.040544,89,7555.70571256
p_693,38.243601,-122.040843,90,7581.90897037
p_693,38.243584,-122.040904,91,7587.57258558
p_693,38.2432,-122.041215,92,7638.14986913
p_693,38.2430547778662,-122.041371369974,93,7659.29778089
p_693,38.2429843817973,-122.041422908214,94,7668.32081348
p_693,38.243005,-122.041533,95,7678.22646676
p_693,38.242657,-122.041785,96,7722.71041025
p_693,38.242581,-122.041816,97,7731.57225225
p_693,38.242543,-122.041836,98,7736.1392353
p_693,38.242505,-122.041816,99,7740.70621867
p_693,38.242489,-122.041768,100,7745.26816519
p_693,38.242505,-122.041719,101,7749.9108727
p_693,38.242543,-122.041699,102,7754.47785607
p_693,38.24254,-122.041251,103,7793.69826264
p_693,38.242541,-122.04058,104,7852.4393152
p_693,38.242776,-122.04058,105,7878.52456747
p_693,38.242888,-122.040582,106,7890.95792088
p_693,38.242892,-122.040042,107,7938.23267346
p_693,38.242893,-122.039449,108,7990.14518262
p_693,38.242893,-122.039425,109,7992.24618998
p_693,38.242898,-122.039044,110,8025.604298
p_693,38.242907,-122.038916,111,8036.8541141
p_693,38.242938,-122.038726,112,8053.83929417
p_693,38.243055,-122.038443,113,8081.81130762
p_693,38.243089,-122.038339,114,8091.66688538
p_693,38.243176,-122.038388,115,8102.23379807
p_693,38.243279,-122.038433,116,8114.32655146
p_693,38.243366,-122.038487,117,8125.07858662
p_693,38.243555,-122.038548,118,8146.72674764
p_693,38.243681,-122.038534,119,8160.76647979
p_693,38.243816,-122.038556,120,8175.87487964
p_693,38.243923,-122.038556,121,8187.75199696
p_693,38.244036,-122.038534,122,8200.44211255
p_693,38.244128,-122.038498,123,8211.12942793
p_693,38.244228,-122.038435,124,8223.52411199
p_693,38.244324,-122.038348,125,8236.622057
p_693,38.244394,-122.038256,126,8247.81295434
p_693,38.244458,-122.038137,127,8260.42197741
p_693,38.244527,-122.037954,128,8278.17856515
p_693,38.244654,-122.037567,129,8314.87250573
p_693,38.244752,-122.03735,130,8336.76283425
p_693,38.244861,-122.036915,131,8376.71852062
p_693,38.244926,-122.03659,132,8406.06950607
p_693,38.244978,-122.036253,133,8436.12968926
p_693,38.245013,-122.035924,134,8465.19102367
p_693,38.245032,-122.035625,135,8491.45014095
p_693,38.245042,-122.035322,136,8517.99779584
p_693,38.245057,-122.035177,137,8530.7997445
p_693,38.245048,-122.03483,138,8561.19233383
p_693,38.245009,-122.034369,139,8601.77953186
p_693,38.244938,-122.033942,140,8639.98068049
p_693,38.244778,-122.0331,141,8715.79852716
p_693,38.244718,-122.0328,142,8742.8917952
p_693,38.244611,-122.032261,143,8791.54766619
p_693,38.244515,-122.031731,144,8839.15185226
p_693,38.244487,-122.031562,145,8854.26906795
p_693,38.244462,-122.031405,146,8868.2902162
p_693,38.24442,-122.031105,147,8894.96284567
p_693,38.244309,-122.030333,148,8963.65787585
p_693,38.244243,-122.029862,149,9005.53516045
p_693,38.244181,-122.02942,150,9044.83528437
p_693,38.243969,-122.027917,151,9178.49657324
p_693,38.243842,-122.027011,152,9259.05159301
p_693,38.243766,-122.0264,153,9313.20025706
p_693,38.243719,-122.025928,154,9354.84764234
p_693,38.243688,-122.025478,155,9394.39109517
p_693,38.24367,-122.025096,156,9427.89140474
p_693,38.243631,-122.023756,157,9545.27628425
p_693,38.243593,-122.022397,158,9664.31940626
p_693,38.243572,-122.021514,159,9741.65337767
p_693,38.243541,-122.020496,160,9830.83670527
p_693,38.243537,-122.020391,161,9840.03924852
p_693,38.243534,-122.020284,162,9849.41207465
p_693,38.24353,-122.020154,163,9860.80108967
p_693,38.24351,-122.019648,164,9905.15254435
p_693,38.243448,-122.017858,165,10062.0024727
p_693,38.243431,-122.017305,166,10110.44958518
p_693,38.243394,-122.016006,167,10224.23994109
p_693,38.243375,-122.015398,168,10277.50687052
p_693,38.243334,-122.013859,169,10412.30996068
p_693,38.243289,-122.012355,170,10544.06705141
p_693,38.24325,-122.010855,171,10675.45067355
p_693,38.243235,-122.010386,172,10716.54140991
p_693,38.243211,-122.009353,173,10807.01109124
p_693,38.243191,-122.008332,174,10896.41863502
p_693,38.243174,-122.007297,175,10987.04386608
p_693,38.243168,-122.006573,176,11050.42751248
p_693,38.243164,-122.005535,177,11141.29682562
p_693,38.243163,-122.005368,178,11155.91670237
p_693,38.243162,-122.005167,179,11173.51292414
p_693,38.243168,-122.003758,180,11296.86090287
p_693,38.243182,-122.001913,181,11458.38269538
p_693,38.243211,-121.99877,182,11733.54480316
p_693,38.243214,-121.997931,183,11806.99295214
p_693,38.243204,-121.997476,184,11846.83984127
p_693,38.243179,-121.997058,185,11883.53730931
p_693,38.243149,-121.996689,186,11916.01136681
p_693,38.24311,-121.996353,187,11945.74223387
p_693,38.243036,-121.995864,188,11989.33109793
p_693,38.242948,-121.995398,189,12031.27877073
p_693,38.242831,-121.994886,190,12077.9438715
p_693,38.242724,-121.994496,191,12114.09221402
p_693,38.242595,-121.994071,192,12153.95803653
p_693,38.242434,-121.993617,193,12197.53538337
p_693,38.242324,-121.99333,194,12225.46992626
p_693,38.242103,-121.992823,195,12276.18223391
p_693,38.241923,-121.992448,196,12314.61304648
p_693,38.24173,-121.992086,197,12352.86551613
p_693,38.241481,-121.991663,198,12399.07392394
p_693,38.241166,-121.991178,199,12454.07684614
p_693,38.240829,-121.990733,200,12508.0858504
p_693,38.240411,-121.990214,201,12573.02595561
p_693,38.240274,-121.990048,202,12594.06045052
p_693,38.2402,-121.989959,203,12605.38205883
p_693,38.240113,-121.989854,204,12618.71460792
p_693,38.240269,-121.989657,205,12643.15408333
p_693,38.240365,-121.989537,206,12658.11790729
p_693,38.240921,-121.988822,207,12746.02126119
p_693,38.241043,-121.98869,208,12763.82369677
p_693,38.241166,-121.988575,209,12780.78730349
p_693,38.24137,-121.98842,210,12807.18591192
p_693,38.241593,-121.988293,211,12834.32137858
p_693,38.24178,-121.988214,212,12856.20039432
p_693,38.241873,-121.988187,213,12866.79063914
p_693,38.242014261239,-121.98898762465,214,12938.6123574
p_693,38.241944742892,-121.98901444674,215,12946.67830999
p_693,38.241805705998,-121.98835730553,216,13006.24074277
p_693,38.241742,-121.98838,217,13013.58596831
p_693,38.241623,-121.988431,218,13027.52923459
p_693,38.241522,-121.988483,219,13039.62931812
p_693,38.241484,-121.988504,220,13044.23058274
p_693,38.241334,-121.988608,221,13063.20742599
p_693,38.241216,-121.988703,222,13078.72283352
p_693,38.241012,-121.988907,223,13107.56211547
p_693,38.240862,-121.989096,224,13131.03537089
p_693,38.240661,-121.989356,225,13162.90823461
p_693,38.240443,-121.98964,226,13197.60274192
p_693,38.240351,-121.98976,227,13212.25368813
p_693,38.2402,-121.989959,228,13236.42896884
p_693,38.240113,-121.989854,229,13249.76151793
p_693,38.240011,-121.989731,230,13265.3865492
p_693,38.239602,-121.989214,231,13329.49329978
p_693,38.238868,-121.988266,232,13445.79518661
p_693,38.238773,-121.988138,233,13461.18262998
p_693,38.238498,-121.98777,234,13505.56447753
p_693,38.238208,-121.987379,235,13552.55361169
p_693,38.238028,-121.987134,236,13581.86700614
p_693,38.237823,-121.98686,237,13614.93103067
p_693,38.237521,-121.986465,238,13663.09354795
p_693,38.236606,-121.985317,239,13805.98206149
p_693,38.23578,-121.984306,240,13933.42235318
p_693,38.234767,-121.983054,241,14090.45377544
p_693,38.233514,-121.981506,242,14284.6524123
p_693,38.233056,-121.980943,243,14355.46417725
p_693,38.232515,-121.980283,244,14438.80304846
p_693,38.231503,-121.979036,245,14595.45295166
p_693,38.230804,-121.978172,246,14703.81729155
p_693,38.230641,-121.977948,247,14730.50096638
p_693,38.230504,-121.97775,248,14753.56178673
p_693,38.230292,-121.977422,249,14790.69029425
p_693,38.230081,-121.977074,250,14829.12162061
p_693,38.229874,-121.976691,251,14869.77274122
p_693,38.229711,-121.976365,252,14903.56786351
p_693,38.229553,-121.976024,253,14938.19502768
p_693,38.229359,-121.975558,254,14984.33100861
p_693,38.229188,-121.975125,255,15026.72982864
p_693,38.229054,-121.974742,256,15063.41536615
p_693,38.228935,-121.974353,257,15099.94733797
p_693,38.228809,-121.97385,258,15146.1568053
p_693,38.228698,-121.973327,259,15193.57871258
p_693,38.228636,-121.972969,260,15225.67143232
p_693,38.228587,-121.972607,261,15257.83110405
p_693,38.228552,-121.972365,262,15279.37363076
p_693,38.228528,-121.972107,263,15302.12043841
p_693,38.228496,-121.97165,264,15342.29234456
p_693,38.228482,-121.97118,265,15383.47451992
p_693,38.228473,-121.97037,266,15454.40455411
p_693,38.228476,-121.969964,267,15489.95517379
p_693,38.228478,-121.96967,268,15515.69855294
p_693,38.228475,-121.968957,269,15578.12919256
p_693,38.228478,-121.968293,270,15636.26949403
p_693,38.228493,-121.966746,271,15771.73388348
p_693,38.228506,-121.964815,272,15940.81691659
p_693,38.228501,-121.962793,273,16117.86254228
p_693,38.228496,-121.960834,274,16289.39197643
p_693,38.228492,-121.959245,275,16428.52431373
p_693,38.228491,-121.958946,276,16454.70476204
p_693,38.22849,-121.957016,277,16623.69413551
p_693,38.228481,-121.955064,278,16794.61270715
p_693,38.228481,-121.953699,279,16914.131088
p_693,38.228463,-121.952501,280,17019.04611341
p_693,38.22846,-121.951776,281,17082.52746247
p_693,38.228459,-121.950982,282,17152.04961873
p_693,38.228467,-121.94933,283,17296.70026669
p_693,38.228462,-121.947691,284,17440.21098858
p_693,38.228458,-121.944718,285,17700.52510234
p_693,38.228442,-121.942473,286,17897.10373254
p_693,38.22844,-121.941465,287,17985.36378748
p_693,38.228448,-121.940841,288,18040.00800509
p_693,38.228441,-121.940225,289,18093.95012858
p_693,38.228437,-121.93798,290,18290.52126687
p_693,38.228432,-121.935331,291,18522.46654072
p_693,38.228416,-121.92934,292,19047.03744344
p_693,38.228395,-121.922243,293,19668.45047883
p_693,38.22839,-121.920756,294,19798.65242925
p_693,38.22838,-121.917204,295,20109.66528681
p_693,38.228374,-121.915001,296,20302.5597464
p_693,38.228373,-121.913488,297,20435.03713824
p_693,38.228369,-121.912142,298,20552.89290713
p_693,38.228364,-121.910571,299,20690.44982947
p_693,38.228354,-121.906695,300,21029.83187764
p_693,38.228337,-121.90513,301,21166.87535557
p_693,38.228341,-121.904692,302,21205.22895321
p_693,38.228332,-121.903563,303,21304.08859361
p_693,38.228333,-121.902394,304,21406.4456291
p_693,38.228335,-121.90202,305,21439.19360827
p_693,38.228338,-121.900849,306,21541.72623757
p_693,38.228332,-121.899721,307,21640.49551827
p_693,38.22832,-121.899226,308,21683.85790389
p_693,38.228274,-121.898744,309,21726.36932675
p_693,38.228239,-121.898453,310,21752.1436303
p_693,38.228195,-121.898175,311,21776.97033696
p_693,38.228118,-121.897805,312,21810.47589254
p_693,38.228052,-121.897541,313,21834.72480565
p_693,38.227973,-121.89727,314,21860.02200185
p_693,38.227877,-121.896965,315,21888.77526966
p_693,38.22777,-121.896667,316,21917.44414086
p_693,38.227688,-121.896464,317,21937.41381663
p_693,38.22759,-121.896237,318,21960.07203993
p_693,38.227479,-121.896001,319,21984.1307283
p_693,38.227378,-121.895814,320,22003.97487502
p_693,38.22718,-121.895466,321,22041.54518965
p_693,38.227004,-121.895187,322,22072.82554987
p_693,38.226822,-121.894933,323,22102.87164079
p_693,38.226674,-121.894741,324,22126.37735782
p_693,38.226456,-121.894484,325,22159.42203439
p_693,38.226232,-121.894251,326,22191.58512894
p_693,38.225807,-121.893847,327,22250.55046516
p_693,38.225076,-121.893181,328,22350.47448675
p_693,38.224616,-121.892767,329,22413.09491028
p_693,38.224,-121.892208,330,22497.18585042
p_693,38.223682,-121.891922,331,22540.46568003
p_693,38.223135,-121.891421,332,22615.37361308
p_693,38.222712,-121.891036,333,22673.17646845
p_693,38.221995,-121.890392,334,22770.71788082
p_693,38.221303,-121.889781,335,22864.32771925
p_693,38.221103,-121.889602,336,22891.5038326
p_693,38.220192,-121.888768,337,23016.24070313
p_693,38.219876,-121.888498,338,23058.54160311
p_693,38.219587,-121.888234,339,23098.0831641
p_693,38.219336,-121.888005,340,23132.4108329
p_693,38.218839,-121.887538,341,23201.0830137
p_693,38.218341,-121.887058,342,23270.52766477
p_693,38.21784,-121.886544,343,23342.07264742
p_693,38.217341,-121.886027,344,23413.61137409
p_693,38.216597,-121.885238,345,23521.28833194
p_693,38.216244,-121.884885,346,23571.19794136
p_693,38.215906,-121.884545,347,23619.09551359
p_693,38.215565,-121.884225,348,23666.19168003
p_693,38.21487,-121.883597,349,23760.93397162
p_693,38.214173,-121.882961,350,23856.26505018
p_693,38.213605,-121.882439,351,23934.14287017
p_693,38.213004,-121.881908,352,24015.46313766
p_693,38.212461,-121.881451,353,24087.8145344
p_693,38.211907,-121.881012,354,24160.33849142
p_693,38.211195,-121.880469,355,24252.57544394
p_693,38.21072,-121.88011,356,24313.9635975
p_693,38.210483,-121.879928,357,24344.72294719
p_693,38.210249,-121.879735,358,24375.71278363
p_693,38.210024,-121.879539,359,24406.01830585
p_693,38.209796,-121.879327,360,24437.4069024
p_693,38.209578,-121.879114,361,24467.96101727
p_693,38.209251,-121.878767,362,24515.30122263
p_693,38.209,-121.878471,363,24553.35797313
p_693,38.208705,-121.87811,364,24598.87612673
p_693,38.208463,-121.877797,365,24637.256762
p_693,38.207844,-121.877002,366,24735.07882776
p_693,38.207516,-121.876586,367,24786.58672026
p_693,38.207138,-121.876127,368,24844.69553092
p_693,38.206856,-121.87581,369,24886.53673872
p_693,38.206658,-121.875599,370,24915.25197236
p_693,38.206377,-121.875308,371,24955.53215353
p_693,38.20609,-121.875026,372,24995.84254113
p_693,38.205847,-121.874805,373,25029.04230041
p_693,38.205553,-121.87455,374,25068.58744186
p_693,38.205247,-121.874301,375,25108.95246961
p_693,38.204967,-121.874069,376,25146.08581162
p_693,38.204728,-121.873866,377,25178.02216491
p_693,38.204372,-121.873564,378,25225.57433581
p_693,38.204351,-121.873616,379,25230.69076362
p_693,38.204254,-121.873832,380,25252.45908384
p_693,38.204372,-121.873903,381,25266.9584526
p_693,38.204252,-121.873821,382,25282.09146264
p_693,38.204384,-121.873495,383,25314.18506793
p_693,38.20283,-121.87202,384,25529.69705054
p_693,38.19462,-121.86365,385,26699.32387963
p_693,38.19415,-121.86312,386,26769.1614153
p_693,38.19373,-121.86253,387,26838.76533404
p_693,38.18811,-121.8524,388,27923.51698773
p_693,38.185,-121.84574,389,28601.46828165
p_693,38.18462,-121.84484,390,28690.89166171
p_693,38.18441,-121.84426,391,28746.79794158
p_693,38.18407,-121.84304,392,28860.15194196
p_693,38.18385,-121.8418,393,28971.50230664
p_693,38.18373,-121.84023,394,29109.69782997
p_693,38.1837,-121.82166,395,30736.67265455
p_693,38.18361,-121.80601,396,32107.85194247
p_693,38.18363,-121.8008,397,32564.32110513
p_693,38.18355,-121.79904,398,32718.77553854
p_693,38.18354,-121.79707,399,32891.37690769
p_693,38.18365,-121.78092,400,34306.38012646
p_693,38.18356,-121.77844,401,34523.88996339
p_693,38.1835,-121.7686,402,35386.0287329
p_693,38.18351,-121.759,403,36227.11565033
p_693,38.18346,-121.74628,404,37341.56896936
p_693,38.18336,-121.73644,405,38203.75488348
p_693,38.1832,-121.72765,406,38974.08154703
p_693,38.1831,-121.7265,407,39075.44673727
p_693,38.18289,-121.7256,408,39157.67236163
p_693,38.18273,-121.72514,409,39201.71442171
p_693,38.18223,-121.72404,410,39312.92837238
p_693,38.18163,-121.72323,411,39410.25275576
p_693,38.18186,-121.72299,412,39443.3275566
p_693,38.18231,-121.72228,413,39523.10633031
p_693,38.18258,-121.72145,414,39601.75995628
p_693,38.18275,-121.72065,415,39674.34693626
p_693,38.18285,-121.71991,416,39740.12461491
p_693,38.18288,-121.71973,417,39756.24285559
p_693,38.18349,-121.71982,418,39824.41041597
p_693,38.18392,-121.71981,419,39872.14843737
p_693,38.18437,-121.71972,420,39922.71696424
p_693,38.18512,-121.71945,421,40009.26247519
p_693,38.18492,-121.71885,422,40066.32479265
p_693,38.18464,-121.7184,423,40116.52752736
p_693,38.18425,-121.71813,424,40165.85899497
p_693,38.183948,-121.718059,425,40199.95324882
p_693,38.183917,-121.718159,426,40209.36601706
p_693,38.183843,-121.718317,427,40225.46238373
p_693,38.183729,-121.718475,428,40244.21731265
p_693,38.183631,-121.718561,429,40257.44994956
p_693,38.183451,-121.718617,430,40278.02352897
p_693,38.183343,-121.718607,431,40290.04349664
p_693,38.183365,-121.71809,432,40335.40536439
p_693,38.183365,-121.718088,433,40335.58059102
p_693,38.183366,-121.718012,434,40342.24012781
p_693,38.183349,-121.717983,435,40345.40499128
p_693,38.183346,-121.717955,436,40347.88066255
p_693,38.183349,-121.717922,437,40350.79101606
p_693,38.183362,-121.717898,438,40353.34124693
p_693,38.183383,-121.71788,439,40356.15560467
p_693,38.183398,-121.717866,440,40358.22363164
p_693,38.183424,-121.717534,441,40387.45405307
p_693,38.183414,-121.717478,442,40392.48438996
p_693,38.183398,-121.717429,443,40397.13029681
p_693,38.183401,-121.717383,444,40401.17424107
p_693,38.183416,-121.717354,445,40404.2119719
p_693,38.183446,-121.717354,446,40407.54197042
p_693,38.18348,-121.717359,447,40411.3413079
p_693,38.183488,-121.717392,448,40414.36583775
p_693,38.1835,-121.717428,449,40417.78963727
p_693,38.183495,-121.717455,450,40420.21942653
p_693,38.1835,-121.71749,451,40423.33570699
p_693,38.18364,-121.71777,452,40452.3752261
p_693,38.18379,-121.7179,453,40472.54815353
p_693,38.18437,-121.7181,454,40539.27010887
p_693,38.18468,-121.71834,455,40579.5959863
p_693,38.18492,-121.7187,456,40620.88123611
p_693,38.18519,-121.71951,457,40697.91533347
p_693,38.18501,-121.7196,458,40719.39494407
p_693,38.18443,-121.7198,459,40786.11686594
p_693,38.18392,-121.71989,460,40843.27336192
p_693,38.18328,-121.7199,461,40914.31873476
p_693,38.18286,-121.71984,462,40961.23415176
p_693,38.18188,-121.71941,463,41076.3533147
p_693,38.18132,-121.71891,464,41152.39919197
p_693,38.18098,-121.71848,465,41205.72555186
p_693,38.18063,-121.71778,466,41278.32629795
p_693,38.1804,-121.71684,467,41364.55218388
p_693,38.18015,-121.71482,468,41543.70082172
p_693,38.18003,-121.71413,469,41605.60669262
p_693,38.17992,-121.71374,470,41641.89340718
p_693,38.17971,-121.71323,471,41692.29281545
p_693,38.17943,-121.71269,472,41748.90151659
p_693,38.17918,-121.71234,473,41790.25954388
p_693,38.17863,-121.71162,474,41878.04829557
p_693,38.17825,-121.71096,475,41949.62555343
p_693,38.17807,-121.71053,476,41992.27189883
p_693,38.17739,-121.70778,477,42244.77260353
p_693,38.17732,-121.70706,478,42308.33605873
p_693,38.17737,-121.70653,479,42355.1054037
p_693,38.17752,-121.70595,480,42408.58322238
p_693,38.17788,-121.70525,481,42481.78612432
p_693,38.17825,-121.70476,482,42541.20023998
p_693,38.17867,-121.70438,483,42598.48894004
p_693,38.178745,-121.70433,484,42607.8962843
p_693,38.178592,-121.703786,485,42658.49613919
p_693,38.178298,-121.702976,486,42736.61103428
p_693,38.178162,-121.702675,487,42766.99931966
p_693,38.178008,-121.70247,488,42791.79525462
p_693,38.177818,-121.702271,489,42819.15970436
p_693,38.177605,-121.702112,490,42846.60199189
p_693,38.177428,-121.702028,491,42867.58233158
p_693,38.177251,-121.701902,492,42890.11872836
p_693,38.177073,-121.701779,493,42912.62492032
p_693,38.176915,-121.701604,494,42935.92088067
p_693,38.176627,-121.701246,495,42980.70844418
p_693,38.17836,-121.69906,496,43252.16792218
p_693,38.17474,-121.6945,497,43818.82665702
p_693,38.17464,-121.69448,498,43830.06412505
p_693,38.17446,-121.69466,499,43855.51926523
p_693,38.1744,-121.69473,500,43864.57340596
p_693,38.17415,-121.69508,501,43905.93298039
p_693,38.17362,-121.69444,502,43987.20964878
p_693,38.17355,-121.69453,503,43998.2805844
p_693,38.17314,-121.695045,504,44062.37114852
p_693,38.172522,-121.694284,505,44158.03896364
p_693,38.172357,-121.694067,506,44184.43981859
p_693,38.172278,-121.69393,507,44199.30626035
p_693,38.17221,-121.69378,508,44214.46332546
p_693,38.17179,-121.69387,509,44261.7455594
p_693,38.171655,-121.69394,510,44277.93734594
p_693,38.171568,-121.694032,511,44290.5170324
p_693,38.171438,-121.694238,512,44313.62703358
p_693,38.170976,-121.693902,513,44372.76009001
p_693,38.170684,-121.693661,514,44411.44497319
p_693,38.17043,-121.69336,515,44450.05329597
p_693,38.17035,-121.69328,516,44461.36693356
p_693,38.17019,-121.69312,517,44483.99422269
p_693,38.17014,-121.69303,518,44493.63793142
p_693,38.17015,-121.69295,519,44500.73559576
p_693,38.17103,-121.69184,520,44638.58460183
p_693,38.16901,-121.68829,521,45022.0524354
p_693,38.1679,-121.68633,522,45233.43149983
p_693,38.1656,-121.68844,523,45548.6582656
p_693,38.16467,-121.68923,524,45672.95385483
p_693,38.16396,-121.68995,525,45773.91091788
p_693,38.16316,-121.69096,526,45899.29034473
p_693,38.16211,-121.69234,527,46067.24994776
p_693,38.16195,-121.69262,528,46097.54139279
p_693,38.16185,-121.69305,529,46136.82690258
p_693,38.16181,-121.69397,530,46217.577028
p_693,38.16181,-121.69406,531,46225.46454882
p_693,38.16151,-121.69405,532,46258.77594077
p_693,38.16145,-121.69506,533,46347.54204703
p_693,38.16156,-121.69563,534,46398.96709524
p_693,38.16164,-121.69578,535,46414.83116092
p_693,38.16131,-121.69619,536,46466.14264997
p_693,38.16088,-121.69665,537,46528.61971341
p_693,38.16061,-121.69679,538,46561.00393153
p_693,38.16039,-121.69652,539,46595.00787393
p_693,38.15909,-121.69486,540,46799.91810689
p_693,38.15659,-121.6917,541,47191.975984
p_693,38.15588,-121.69083,542,47301.6358947
p_693,38.155254,-121.690048,543,47399.23679428
p_693,38.155022,-121.690308,544,47433.62375018
p_693,38.155031,-121.690323,545,47435.27494645
p_693,38.154802,-121.690483,546,47464.30561082
p_693,38.155294,-121.691339,547,47557.10292721
p_693,38.15585,-121.69082,548,47633.77127667
p_693,38.155929,-121.690738,549,47645.10915035
p_694,38.15588,-121.69083,1,0
p_694,38.15646,-121.69153,2,88.93156636
p_694,38.15906,-121.69482,3,496.89492541
p_694,38.16005,-121.69608,4,652.68388209
p_694,38.16061,-121.69679,5,740.63720172
p_694,38.16088,-121.69665,6,773.02141984
p_694,38.16159,-121.69584,7,879.08882486
p_694,38.16164,-121.69578,8,886.73425525
p_694,38.16156,-121.69563,9,902.59832093
p_694,38.16151,-121.69539,10,924.35168877
p_694,38.16145,-121.69506,11,954.02965677
p_694,38.16146,-121.69491,12,967.22236733
p_694,38.16151,-121.69405,13,1042.7964093
p_694,38.16181,-121.69406,14,1076.10780125
p_694,38.16185,-121.69305,15,1164.7345744
p_694,38.16191,-121.69275,16,1191.85669264
p_694,38.16203,-121.69246,17,1220.55090588
p_694,38.16218,-121.69224,18,1246.02558004
p_694,38.1632,-121.69091,19,1408.52044199
p_694,38.16396,-121.68995,20,1527.66181982
p_694,38.16467,-121.68923,21,1628.61888287
p_694,38.16526,-121.68872,22,1707.90611463
p_694,38.16598,-121.68811,23,1804.05610888
p_694,38.1679,-121.68633,24,2068.16156058
p_694,38.16954,-121.68922,25,2380.05180424
p_694,38.17103,-121.69184,26,2663.0081873
p_694,38.17015,-121.69295,27,2800.85719337
p_694,38.17014,-121.69303,28,2807.95485771
p_694,38.17019,-121.69312,29,2817.59856644
p_694,38.17043,-121.69336,30,2851.53949316
p_694,38.17052,-121.69347,31,2865.42160455
p_694,38.17065,-121.69363,32,2885.54125715
p_694,38.17172,-121.69452,33,3027.6274939
p_694,38.17262,-121.69571,34,3172.03457102
p_694,38.17357,-121.6945,35,3321.57177562
p_694,38.173614,-121.694454,36,3327.90425584
p_694,38.17415,-121.69508,37,3408.82777242
p_694,38.1744,-121.69473,38,3450.18734685
p_694,38.17446,-121.69466,39,3459.24148758
p_694,38.17464,-121.69448,40,3484.69662776
p_694,38.17474,-121.6945,41,3495.93409579
p_694,38.17836,-121.69906,42,4062.59283063
p_694,38.176637,-121.701214,43,4331.29006552
p_694,38.177077,-121.70179,44,4401.52207009
p_694,38.177282,-121.7019,45,4426.23410932
p_694,38.177461,-121.701987,46,4447.51522433
p_694,38.177706,-121.702108,47,4476.70373786
p_694,38.177938,-121.702301,48,4507.51175204
p_694,38.178074,-121.702447,49,4527.29902443
p_694,38.178224,-121.70269,50,4554.32774931
p_694,38.178352,-121.702951,51,4581.2506466
p_694,38.17885,-121.70437,52,4717.31659707
p_694,38.17865,-121.70452,53,4743.11529168
p_694,38.17831,-121.70483,54,4789.61340906
p_694,38.17796,-121.70531,55,4846.86847861
p_694,38.17762,-121.70597,56,4915.92294307
p_694,38.17748,-121.70654,57,4968.22829458
p_694,38.17742,-121.707,58,5009.08021348
p_694,38.17743,-121.70748,59,5051.15266273
p_694,38.17754,-121.7081,60,5106.8325326
p_694,38.17805,-121.71014,61,5294.32752894
p_694,38.17824,-121.71071,62,5348.54104415
p_694,38.17845,-121.71118,63,5395.86161257
p_694,38.17866,-121.71152,64,5433.6878955
p_694,38.17925,-121.7123,65,5528.34320384
p_694,38.17957,-121.71277,66,5582.72610281
p_694,38.17999,-121.71367,67,5674.33212881
p_694,38.18007,-121.71397,68,5702.07677773
p_694,38.1802,-121.71458,69,5757.43696822
p_694,38.1805,-121.71691,70,5964.28246835
p_694,38.18061,-121.71746,71,6013.99444035
p_694,38.18082,-121.718,72,6066.7378364
p_694,38.18115,-121.71856,73,6127.96800705
p_694,38.18152,-121.71898,74,6183.1121821
p_694,38.18187,-121.71926,75,6229.05947129
p_694,38.18208,-121.7194,76,6255.39979162
p_694,38.18277,-121.71971,77,6336.66302009
p_694,38.18337,-121.71981,78,6403.83680253
p_694,38.18392,-121.71981,79,6464.88677758
p_694,38.18437,-121.71972,80,6515.45530445
p_694,38.18503,-121.71949,81,6591.43606265
p_694,38.18512,-121.71945,82,6602.02290547
p_694,38.18492,-121.71885,83,6659.08522293
p_694,38.18464,-121.7184,84,6709.28795764
p_694,38.18425,-121.71813,85,6758.61942525
p_694,38.18393,-121.718078,86,6794.43039149
p_694,38.183853,-121.718293,87,6815.11549291
p_694,38.183759,-121.718434,88,6831.28567617
p_694,38.183689,-121.718503,89,6841.13038895
p_694,38.183486,-121.718599,90,6865.18196066
p_694,38.183398,-121.718621,91,6875.13831342
p_694,38.183349,-121.718616,92,6880.59492376
p_694,38.183386,-121.718116,93,6924.59367842
p_694,38.183361,-121.718136,94,6927.87560685
p_694,38.183359,-121.718014,95,6938.56673679
p_694,38.183339,-121.717956,96,6944.11207553
p_694,38.183351,-121.717905,97,6948.77466598
p_694,38.183368,-121.717877,98,6951.86963337
p_694,38.183394,-121.717857,99,6955.24593668
p_694,38.183426,-121.717508,100,6986.02858239
p_694,38.183411,-121.717472,101,6989.5951527
p_694,38.183399,-121.717439,102,6992.77846511
p_694,38.183402,-121.717401,103,6996.12438137
p_694,38.183409,-121.717368,104,6999.11820566
p_694,38.183438,-121.717357,105,7002.4783779
p_694,38.183464,-121.717357,106,7005.36437662
p_694,38.183486,-121.717374,107,7008.22475122
p_694,38.183497,-121.717418,108,7012.26847515
p_694,38.183498,-121.717456,109,7015.59962485
p_694,38.1835,-121.71749,110,7018.58673287
p_694,38.18364,-121.71777,111,7047.62625198
p_694,38.18379,-121.7179,112,7067.79917941
p_694,38.18437,-121.7181,113,7134.52113475
p_694,38.18468,-121.71834,114,7174.84701218
p_694,38.18492,-121.7187,115,7216.13226199
p_694,38.18519,-121.71951,116,7293.16635935
p_694,38.18489,-121.71966,117,7328.96571399
p_694,38.18443,-121.7198,118,7381.47826923
p_694,38.18392,-121.71989,119,7438.63476521
p_694,38.18354,-121.71991,120,7480.85112938
p_694,38.183,-121.71986,121,7540.95096702
p_694,38.1828,-121.72101,122,7644.12364155
p_694,38.18255,-121.72199,123,7734.35844556
p_694,38.18213,-121.72287,124,7824.45813596
p_694,38.18174,-121.72338,125,7886.67269349
p_694,38.18223,-121.72404,126,7966.05846059
p_694,38.18261,-121.72482,127,8046.36665127
p_694,38.18289,-121.7256,128,8121.44113743
p_694,38.18316,-121.72692,129,8240.91141723
p_694,38.18336,-121.73644,130,9075.28673071
p_694,38.18348,-121.74991,131,10255.51232165
p_694,38.1835,-121.7686,132,11893.00382662
p_694,38.18356,-121.77844,133,12755.14259613
p_694,38.18365,-121.78092,134,12972.65243306
p_694,38.18354,-121.79707,135,14387.65565183
p_694,38.18355,-121.79904,136,14560.25702098
p_694,38.18363,-121.8008,137,14714.71145439
p_694,38.18361,-121.80601,138,15171.18061705
p_694,38.1837,-121.82166,139,16542.35990497
p_694,38.18373,-121.84023,140,18169.33472955
p_694,38.18385,-121.8418,141,18307.53025288
p_694,38.18407,-121.84304,142,18418.88061756
p_694,38.18441,-121.84426,143,18532.23461794
p_694,38.18462,-121.84484,144,18588.14089781
p_694,38.185,-121.84574,145,18677.56427787
p_694,38.18811,-121.8524,146,19355.51557179
p_694,38.19373,-121.86253,147,20440.26722548
p_694,38.19415,-121.86312,148,20509.87114422
p_694,38.19462,-121.86365,149,20579.70867989
p_694,38.20283,-121.87202,150,21749.33550898
p_694,38.204392,-121.873499,151,21965.76841566
p_694,38.204253,-121.873826,152,21998.30120065
p_694,38.204372,-121.873903,153,22013.13239266
p_694,38.204254,-121.873832,154,22027.63176142
p_694,38.204351,-121.873616,155,22049.40008164
p_694,38.204372,-121.873564,156,22054.51650945
p_694,38.204401,-121.873493,157,22061.51900671
p_694,38.20477,-121.873804,158,22110.70903506
p_694,38.204993,-121.873991,159,22140.39038136
p_694,38.205288,-121.874241,160,22179.78215928
p_694,38.205577,-121.874501,161,22219.12246717
p_694,38.205865,-121.874767,162,22258.67948309
p_694,38.206111,-121.874991,163,22292.30298821
p_694,38.206397,-121.875272,164,22332.47198242
p_694,38.20668,-121.875565,165,22373.0349065
p_694,38.206877,-121.875777,166,22401.72188133
p_694,38.207182,-121.876118,167,22446.86803763
p_694,38.207566,-121.87658,168,22505.64013108
p_694,38.207873,-121.876968,169,22553.76570325
p_694,38.208485,-121.877762,170,22650.980894
p_694,38.208732,-121.878076,171,22689.81396407
p_694,38.209027,-121.878442,172,22735.63737194
p_694,38.209284,-121.878737,173,22774.12551359
p_694,38.209604,-121.879082,174,22820.75893422
p_694,38.20982,-121.87929,175,22850.87060062
p_694,38.210043,-121.879497,176,22881.55267976
p_694,38.210266,-121.879695,177,22911.77567033
p_694,38.210501,-121.879887,178,22942.81105843
p_694,38.210737,-121.880069,179,22973.47552636
p_694,38.211213,-121.880428,180,23034.95903887
p_694,38.211925,-121.880969,181,23127.10579899
p_694,38.212478,-121.881407,182,23199.48920567
p_694,38.213025,-121.881866,183,23272.30743933
p_694,38.213627,-121.882398,184,23353.76884104
p_694,38.214196,-121.882921,185,23431.78792536
p_694,38.214892,-121.883557,186,23527.02893205
p_694,38.215586,-121.884184,187,23621.6299941
p_694,38.215928,-121.88451,188,23669.12936203
p_694,38.216268,-121.884847,189,23717.03873622
p_694,38.216619,-121.885203,190,23766.93796123
p_694,38.217365,-121.885988,191,23874.5611791
p_694,38.217865,-121.886501,192,23945.96496747
p_694,38.218375,-121.886989,193,24016.8945482
p_694,38.218877,-121.887473,194,24086.90463949
p_694,38.219383,-121.887942,195,24156.48513267
p_694,38.219623,-121.888164,196,24189.46440555
p_694,38.220017,-121.888521,197,24243.22331148
p_694,38.220232,-121.888708,198,24272.1663648
p_694,38.220849,-121.889276,199,24356.80972703
p_694,38.22134,-121.889711,200,24423.30337107
p_694,38.222015,-121.890344,201,24516.50384152
p_694,38.22273,-121.890994,202,24614.16945138
p_694,38.223157,-121.89138,203,24672.38434013
p_694,38.223707,-121.891879,204,24747.46037351
p_694,38.224018,-121.892164,205,24790.0574982
p_694,38.224631,-121.892723,206,24873.87788377
p_694,38.225104,-121.893149,207,24938.28321961
p_694,38.225827,-121.893806,208,25037.02629072
p_694,38.226252,-121.89421,209,25095.99162126
p_694,38.226489,-121.894457,210,25130.04786603
p_694,38.226702,-121.89471,211,25162.44782578
p_694,38.226848,-121.894895,212,25185.36158835
p_694,38.22703,-121.895155,213,25215.79860683
p_694,38.227207,-121.895432,214,25247.01213399
p_694,38.227404,-121.895776,215,25284.23362125
p_694,38.227508,-121.895977,216,25305.28151294
p_694,38.227617,-121.896204,217,25328.5506174
p_694,38.227716,-121.896432,218,25351.33900149
p_694,38.227804,-121.89665,219,25372.78127193
p_694,38.227913,-121.896948,220,25401.54281349
p_694,38.228009,-121.897249,221,25429.97106616
p_694,38.228086,-121.897525,222,25455.60447896
p_694,38.22815,-121.897783,223,25479.28556207
p_694,38.22823,-121.89816,224,25513.46909111
p_694,38.228277,-121.898448,225,25539.22024271
p_694,38.228314,-121.898736,226,25564.76963191
p_694,38.228358,-121.899224,227,25607.77685552
p_694,38.228374,-121.899723,228,25651.50507283
p_694,38.228379,-121.900845,229,25749.74826337
p_694,38.228398,-121.902019,230,25852.56458983
p_694,38.228395,-121.902395,231,25885.48859127
p_694,38.228397,-121.903625,232,25993.18682706
p_694,38.228405,-121.904695,233,26086.87953908
p_694,38.228399,-121.90514,234,26125.84914052
p_694,38.228395,-121.906699,235,26262.35489561
p_694,38.228401,-121.910575,236,26601.73560081
p_694,38.228408,-121.912145,237,26739.20596849
p_694,38.228413,-121.913491,238,26857.0621441
p_694,38.228416,-121.915,239,26989.18959737
p_694,38.228421,-121.917203,240,27182.08359605
p_694,38.228428,-121.920758,241,27493.35795234
p_694,38.228434,-121.92225,242,27623.99814546
p_694,38.228455,-121.929339,243,28244.7103796
p_694,38.228472,-121.935332,244,28769.4565036
p_694,38.228477,-121.937979,245,29001.22653241
p_694,38.228485,-121.940226,246,29197.97417872
p_694,38.228501,-121.940876,247,29254.91538798
p_694,38.228501,-121.941466,248,29306.57533332
p_694,38.228504,-121.942474,249,29394.83566294
p_694,38.228498,-121.944729,250,29592.28284847
p_694,38.228498,-121.947691,251,29851.63329658
p_694,38.22851,-121.949332,252,29995.32416009
p_694,38.228523,-121.950981,253,30139.71650939
p_694,38.228526,-121.951774,254,30209.15175448
p_694,38.228529,-121.952487,255,30271.5823505
p_694,38.228523,-121.953705,256,30378.23153496
p_694,38.22852,-121.95507,257,30497.75031344
p_694,38.228529,-121.957012,258,30667.79321683
p_694,38.22853,-121.958949,259,30837.39541431
p_694,38.228532,-121.95924,260,30862.87610672
p_694,38.228537,-121.96084,261,31002.97190885
p_694,38.228539,-121.962801,262,31174.67561422
p_694,38.228546,-121.964821,263,31351.54686382
p_694,38.228556,-121.967903,264,31621.40650696
p_694,38.228541,-121.968276,265,31654.10849259
p_694,38.228542,-121.968937,266,31711.98521757
p_694,38.228543,-121.969682,267,31777.21690085
p_694,38.228541,-121.969968,268,31802.25981042
p_694,38.228542,-121.970371,269,31837.54633489
p_694,38.228548,-121.971181,270,31908.47239498
p_694,38.228563,-121.971642,271,31948.87149517
p_694,38.228597,-121.972096,272,31988.80209289
p_694,38.228621,-121.972346,273,32010.85337965
p_694,38.228645,-121.972572,274,32030.82024716
p_694,38.228685,-121.972957,275,32064.82161968
p_694,38.22874,-121.973312,276,32096.49892368
p_694,38.228847,-121.973828,277,32143.21436069
p_694,38.228973,-121.974329,278,32189.25693292
p_694,38.229091,-121.974722,279,32226.07601073
p_694,38.229227,-121.9751,280,32262.45333848
p_694,38.229393,-121.975528,281,32304.21328645
p_694,38.229581,-121.975985,282,32349.34201671
p_694,38.229741,-121.976334,283,32384.68596183
p_694,38.2299,-121.976656,284,32417.94808483
p_694,38.23011,-121.977045,285,32459.22079837
p_694,38.230318,-121.977386,286,32496.96340101
p_694,38.230532,-121.977717,287,32534.43578049
p_694,38.230665,-121.977909,288,32556.80887781
p_694,38.230832,-121.978135,289,32583.92311267
p_694,38.231529,-121.979,290,32692.18981961
p_694,38.232541,-121.980246,291,32848.778685
p_694,38.233082,-121.980909,292,32932.29988188
p_694,38.233537,-121.981467,293,33002.56787561
p_694,38.234791,-121.983009,294,33196.47989452
p_694,38.235814,-121.984266,295,33354.61236354
p_694,38.236643,-121.985271,296,33481.9288175
p_694,38.237584,-121.986418,297,33626.8222109
p_694,38.238298,-121.987254,298,33734.70219918
p_694,38.238635,-121.987655,299,33786.00300062
p_694,38.238975,-121.988064,300,33838.02656292
p_694,38.239562,-121.988787,301,33928.86649949
p_694,38.239764,-121.989038,302,33960.26096235
p_694,38.240179,-121.989544,303,34024.16978109
p_694,38.240269,-121.989657,304,34038.22914003
p_694,38.240365,-121.989537,305,34053.19296399
p_694,38.240921,-121.988822,306,34141.09631789
p_694,38.241043,-121.98869,307,34158.89875347
p_694,38.241166,-121.988575,308,34175.86236019
p_694,38.24137,-121.98842,309,34202.26096862
p_694,38.241593,-121.988293,310,34229.39643528
p_694,38.24178,-121.988214,311,34251.27545102
p_694,38.241873,-121.988187,312,34261.86569584
p_694,38.24201,-121.988153,313,34277.36139248
p_694,38.242134,-121.988129,314,34291.28495717
p_694,38.242211,-121.988122,315,34299.8539789
p_694,38.24228,-121.988116,316,34307.53104225
p_694,38.242768,-121.988117,317,34361.6996356
p_694,38.243084,-121.988115,318,34396.77641339
p_694,38.243374,-121.988119,319,34428.96863233
p_694,38.243495,-121.988191,320,34443.80516817
p_694,38.243369,-121.988256,321,34458.90451421
p_694,38.242273,-121.988256,322,34580.56169412
p_694,38.242147,-121.988268,323,34594.58722542
p_694,38.24203,-121.98829,324,34607.71637852
p_694,38.241896,-121.988323,325,34622.86847317
p_694,38.241742,-121.98838,326,34640.67606042
p_694,38.241623,-121.988431,327,34654.6193267
p_694,38.241484,-121.988504,328,34671.31960703
p_694,38.241334,-121.988608,329,34690.29645028
p_694,38.241216,-121.988703,330,34705.81185781
p_694,38.241012,-121.988907,331,34734.65113976
p_694,38.240862,-121.989096,332,34758.12439518
p_694,38.240661,-121.989356,333,34789.9972589
p_694,38.240443,-121.98964,334,34824.69176621
p_694,38.240351,-121.98976,335,34839.34271242
p_694,38.240478,-121.98992,336,34859.21557098
p_694,38.240683,-121.990169,337,34890.72716342
p_694,38.241084,-121.99067,338,34953.21670392
p_694,38.24133,-121.991007,339,34993.41644206
p_694,38.241656,-121.991503,340,35049.93981081
p_694,38.241912,-121.991936,341,35097.31457457
p_694,38.242113,-121.992319,342,35137.58842153
p_694,38.242299,-121.992701,343,35176.88968466
p_694,38.242513,-121.9932,344,35226.61424778
p_694,38.242632,-121.993513,345,35257.03270575
p_694,38.242794,-121.993972,346,35301.05475526
p_694,38.242935,-121.994435,347,35344.50354674
p_694,38.243034,-121.994802,348,35378.45881304
p_694,38.243156,-121.995328,349,35426.45580241
p_694,38.243246,-121.995809,350,35469.73217669
p_694,38.243321,-121.996307,351,35514.11561252
p_694,38.243362,-121.99667,352,35546.21739006
p_694,38.243393,-121.997028,353,35577.74555098
p_694,38.243418,-121.997455,354,35615.22857578
p_694,38.243431,-121.997929,355,35656.74825249
p_694,38.243426,-121.998756,356,35729.14706063
p_694,38.243422,-121.999189,357,35767.05505964
p_694,38.243416,-121.999775,358,35818.35860944
p_694,38.243411,-122.00039,359,35872.19939975
p_694,38.243394,-122.002304,360,36039.76419266
p_694,38.24338,-122.00422,361,36207.50067715
p_694,38.243379,-122.005212,362,36294.34180679
p_694,38.243379,-122.005532,363,36322.35505172
p_694,38.243384,-122.006352,364,36394.14113492
p_694,38.243396,-122.007645,365,36507.33997286
p_694,38.243419,-122.008932,366,36620.03462062
p_694,38.243447,-122.010245,367,36735.01839418
p_694,38.243461,-122.010734,368,36777.85428794
p_694,38.243505,-122.012265,369,36911.96892632
p_694,38.243544,-122.013672,370,37035.21546954
p_694,38.24358,-122.0149,371,37142.79027276
p_694,38.2436,-122.015604,372,37204.45920575
p_694,38.243606,-122.015861,373,37226.96712973
p_694,38.24362,-122.01632,374,37267.17853869
p_694,38.243656,-122.017603,375,37379.56480874
p_694,38.243682,-122.01851,376,37459.01696792
p_694,38.243703,-122.019219,377,37521.12730465
p_694,38.243729,-122.02018,378,37605.30368146
p_694,38.243732,-122.02029,379,37614.9389442
p_694,38.243736,-122.020421,380,37626.41540268
p_694,38.243743,-122.02067,381,37648.22694558
p_694,38.243771,-122.021825,382,37749.38448581
p_694,38.243781,-122.022395,383,37799.2951518
p_694,38.243803,-122.023749,384,37917.85067707
p_694,38.243825,-122.025089,385,38035.18085721
p_694,38.243842,-122.025467,386,38068.32505774
p_694,38.243872,-122.025891,387,38105.5914442
p_694,38.243914,-122.026375,388,38148.21689535
p_694,38.243985,-122.02699,389,38202.62821306
p_694,38.244126,-122.027912,390,38284.84410218
p_694,38.244397,-122.029662,391,38440.96511502
p_694,38.244461,-122.030084,392,38478.58391899
p_694,38.24466,-122.031351,393,38591.67529679
p_694,38.244683,-122.031522,394,38606.860759
p_694,38.244711,-122.031739,395,38626.10947699
p_694,38.24482,-122.032448,396,38689.34345321
p_694,38.244919,-122.032739,397,38717.08667707
p_694,38.244997,-122.033073,398,38747.57986222
p_694,38.245093,-122.033451,399,38782.34325487
p_694,38.245145,-122.033662,400,38801.69491769
p_694,38.245216,-122.033984,401,38830.96357015
p_694,38.245271,-122.034286,402,38858.0961608
p_694,38.24531,-122.034598,403,38885.74931275
p_694,38.245342,-122.034944,404,38916.24539432
p_694,38.245356,-122.035259,405,38943.86394275
p_694,38.245358,-122.035428,406,38958.65970245
p_694,38.245359,-122.035611,407,38974.67972704
p_694,38.245357,-122.035832,408,38994.02712355
p_694,38.245363,-122.036008,409,39009.44837846
p_694,38.245373,-122.036175,410,39024.10947293
p_694,38.24539,-122.036327,411,39037.54853973
p_694,38.245408,-122.036447,412,39048.2415424
p_694,38.24543,-122.036588,413,39060.82378839
p_694,38.245483,-122.036971,414,39094.86342454
p_694,38.245474,-122.03707,415,39103.58716316
p_694,38.245586,-122.037807,416,39169.29017213
p_694,38.245615,-122.037999,417,39186.40309293
p_694,38.245646,-122.038194,418,39203.81651146
p_694,38.245667,-122.038357,419,39218.27446312
p_694,38.245676,-122.038494,420,39230.30879423
p_694,38.24567,-122.038654,421,39244.3308022
p_694,38.245652,-122.038764,422,39254.16515921
p_694,38.245626,-122.038863,423,39263.2994041
p_694,38.245592,-122.038946,424,39271.4868309
p_694,38.245546,-122.039028,425,39280.29580445
p_694,38.245483,-122.039126,426,39291.3637285
p_694,38.245399,-122.039226,427,39304.1531523
p_694,38.245232,-122.039401,428,39328.20121689
p_694,38.244446,-122.04019,429,39439.47795829
p_694,38.244308,-122.040293,430,39457.25281683
p_694,38.244193,-122.040352,431,39471.02323638
p_694,38.243692,-122.040546,432,39529.17014809
p_694,38.243602,-122.040566,433,39539.31250677
p_694,38.243608,-122.04068,434,39549.31439307
p_694,38.243604,-122.040727,435,39553.4527134
p_694,38.243606,-122.040822,436,39561.77208233
p_694,38.24359,-122.040897,437,39568.57363649
p_694,38.243559,-122.040953,438,39574.5630693
p_694,38.24322,-122.041206,439,39618.22657688
p_694,38.243195,-122.041246,440,39622.69450986
p_694,38.243204,-122.041311,441,39628.47174503
p_694,38.243206,-122.041349,442,39631.80572532
p_694,38.2432,-122.041377,443,39634.34575952
p_694,38.243182,-122.041397,444,39637.00235428
p_694,38.2431,-122.041465,445,39647.87821067
p_694,38.243005,-122.041533,446,39659.98752563
p_694,38.243001,-122.041545,447,39661.12800557
p_694,38.2426,-122.041794,448,39710.69028381
p_694,38.242553,-122.041801,449,39715.94320054
p_694,38.242515,-122.041801,450,39720.16124124
p_694,38.242494,-122.041771,451,39723.67279027
p_694,38.242494,-122.041734,452,39726.91186098
p_694,38.242502,-122.041699,453,39730.10193421
p_694,38.242522,-122.041658,454,39734.3222584
p_694,38.242529,-122.040556,455,39830.79712761
p_694,38.243524,-122.040554,456,39941.24334144
p_694,38.243832,-122.040489,457,39975.90196749
p_694,38.2442,-122.04033,458,40019.05668436
p_694,38.24454,-122.04008,459,40062.6834126
p_694,38.24532,-122.0393,460,40172.94908931
p_694,38.24556,-122.03899,461,40210.9770302
p_694,38.24567,-122.0386,462,40247.23490274
p_694,38.24559,-122.03781,463,40316.95827249
p_694,38.24505,-122.03788,464,40377.21128476
p_694,38.24483,-122.03799,465,40403.46147949
p_694,38.24448,-122.03868,466,40475.27941009
p_694,38.24152,-122.04907,467,41442.36407322
p_694,38.24127,-122.05076,468,41592.89305706
p_694,38.24078,-122.05581,469,42038.3245493
p_694,38.24041,-122.06642,470,42968.08167159
p_694,38.23775,-122.06634,471,43263.42740011
p_694,38.23592,-122.06633,472,43466.56104914
p_694,38.23591,-122.06753,473,43571.62732159
p_694,38.23589,-122.06968,474,43759.87368356
p_694,38.23581,-122.07011,475,43798.55350072
p_694,38.23566,-122.07039,476,43828.18745154
p_694,38.23603,-122.07064,477,43874.72604736
p_694,38.23643,-122.07081,478,43921.55458764
p_694,38.23694,-122.07117,479,43986.34747804
p_694,38.23684,-122.07139,480,44008.57789055
p_694,38.23588,-122.07349,481,44221.08139834
p_694,38.23541,-122.07442,482,44317.78360253
p_694,38.23511,-122.07517,483,44391.40821427
p_694,38.23489,-122.07587,484,44457.38033682
p_694,38.23454,-122.07729,485,44587.63273375
p_694,38.23438,-122.07807,486,44658.19499331
p_694,38.23428,-122.07912,487,44750.79256304
p_694,38.23423,-122.08039,488,44862.12245055
p_694,38.23423,-122.08251,489,45047.73345571
p_694,38.23423,-122.08377,490,45158.04943048
p_694,38.2375086770181,-122.083981065345,491,45522.45450668
p_694,38.2375017116218,-122.083983174423,492,45523.24941525
p_694,38.23926,-122.084,493,45718.42672878
p_694,38.2395,-122.08409,494,45746.20772305
p_694,38.24027,-122.08413,495,45831.75021564
p_694,38.24057,-122.08425,496,45866.66831803
p_694,38.24099,-122.08462,497,45923.43690281
p_694,38.2416,-122.08372,498,46027.32393781
p_694,38.24191,-122.08306,499,46094.5730092
p_694,38.24218,-122.08265,500,46141.33302078
p_694,38.24279,-122.08224,501,46217.96850586
p_694,38.24358,-122.08201,502,46307.9412087
p_694,38.24404,-122.08167,503,46367.04336279
p_694,38.24429,-122.08132,504,46408.38142898
p_694,38.24492,-122.07992,505,46549.48510886
p_694,38.24576,-122.07782,506,46755.61145617
p_694,38.24594,-122.07702,507,46828.43668074
p_694,38.2463,-122.07612,508,46916.77579545
p_694,38.24669,-122.0749,509,47032.01222645
p_694,38.24712,-122.07328,510,47181.63954247
p_694,38.24739,-122.07246,511,47259.42518722
p_694,38.2477,-122.07186,512,47322.21544358
p_694,38.24791,-122.07103,513,47398.51818989
p_694,38.24807,-122.0699,514,47499.01547767
p_694,38.24842,-122.06917,515,47573.79974485
p_694,38.248419,-122.069172,516,47574.00703935
p_694,38.248409,-122.069036,517,47585.96348434
p_694,38.248371,-122.068967,518,47593.33049144
p_694,38.248312,-122.06887,519,47604.05365958
p_694,38.248412,-122.068681,520,47623.97658496
p_694,38.248932,-122.068481,521,47684.29378842
p_695,38.15588,-121.69083,1,0
p_695,38.15646,-121.69153,2,88.93156636
p_695,38.15906,-121.69482,3,496.89492541
p_695,38.16005,-121.69608,4,652.68388209
p_695,38.16061,-121.69679,5,740.63720172
p_695,38.16088,-121.69665,6,773.02141984
p_695,38.16159,-121.69584,7,879.08882486
p_695,38.16164,-121.69578,8,886.73425525
p_695,38.16156,-121.69563,9,902.59832093
p_695,38.16151,-121.69539,10,924.35168877
p_695,38.16145,-121.69506,11,954.02965677
p_695,38.16146,-121.69491,12,967.22236733
p_695,38.16151,-121.69405,13,1042.7964093
p_695,38.16181,-121.69406,14,1076.10780125
p_695,38.16185,-121.69305,15,1164.7345744
p_695,38.16191,-121.69275,16,1191.85669264
p_695,38.16203,-121.69246,17,1220.55090588
p_695,38.16218,-121.69224,18,1246.02558004
p_695,38.1632,-121.69091,19,1408.52044199
p_695,38.16396,-121.68995,20,1527.66181982
p_695,38.16467,-121.68923,21,1628.61888287
p_695,38.16526,-121.68872,22,1707.90611463
p_695,38.16598,-121.68811,23,1804.05610888
p_695,38.1679,-121.68633,24,2068.16156058
p_695,38.16954,-121.68922,25,2380.05180424
p_695,38.17103,-121.69184,26,2663.0081873
p_695,38.17015,-121.69295,27,2800.85719337
p_695,38.17014,-121.69303,28,2807.95485771
p_695,38.17019,-121.69312,29,2817.59856644
p_695,38.17043,-121.69336,30,2851.53949316
p_695,38.17052,-121.69347,31,2865.42160455
p_695,38.17065,-121.69363,32,2885.54125715
p_695,38.17172,-121.69452,33,3027.6274939
p_695,38.17262,-121.69571,34,3172.03457102
p_695,38.17357,-121.6945,35,3321.57177562
p_695,38.173614,-121.694454,36,3327.90425584
p_695,38.17415,-121.69508,37,3408.82777242
p_695,38.1744,-121.69473,38,3450.18734685
p_695,38.17446,-121.69466,39,3459.24148758
p_695,38.17464,-121.69448,40,3484.69662776
p_695,38.17474,-121.6945,41,3495.93409579
p_695,38.17836,-121.69906,42,4062.59283063
p_695,38.176637,-121.701214,43,4331.29006552
p_695,38.177077,-121.70179,44,4401.52207009
p_695,38.177282,-121.7019,45,4426.23410932
p_695,38.177461,-121.701987,46,4447.51522433
p_695,38.177706,-121.702108,47,4476.70373786
p_695,38.177938,-121.702301,48,4507.51175204
p_695,38.178074,-121.702447,49,4527.29902443
p_695,38.178224,-121.70269,50,4554.32774931
p_695,38.178352,-121.702951,51,4581.2506466
p_695,38.17885,-121.70437,52,4717.31659707
p_695,38.17865,-121.70452,53,4743.11529168
p_695,38.17831,-121.70483,54,4789.61340906
p_695,38.17796,-121.70531,55,4846.86847861
p_695,38.17762,-121.70597,56,4915.92294307
p_695,38.17748,-121.70654,57,4968.22829458
p_695,38.17742,-121.707,58,5009.08021348
p_695,38.17743,-121.70748,59,5051.15266273
p_695,38.17754,-121.7081,60,5106.8325326
p_695,38.17805,-121.71014,61,5294.32752894
p_695,38.17824,-121.71071,62,5348.54104415
p_695,38.17845,-121.71118,63,5395.86161257
p_695,38.17866,-121.71152,64,5433.6878955
p_695,38.17925,-121.7123,65,5528.34320384
p_695,38.17957,-121.71277,66,5582.72610281
p_695,38.17999,-121.71367,67,5674.33212881
p_695,38.18007,-121.71397,68,5702.07677773
p_695,38.1802,-121.71458,69,5757.43696822
p_695,38.1805,-121.71691,70,5964.28246835
p_695,38.18061,-121.71746,71,6013.99444035
p_695,38.18082,-121.718,72,6066.7378364
p_695,38.18115,-121.71856,73,6127.96800705
p_695,38.18152,-121.71898,74,6183.1121821
p_695,38.18187,-121.71926,75,6229.05947129
p_695,38.18208,-121.7194,76,6255.39979162
p_695,38.18277,-121.71971,77,6336.66302009
p_695,38.18337,-121.71981,78,6403.83680253
p_695,38.18392,-121.71981,79,6464.88677758
p_695,38.18437,-121.71972,80,6515.45530445
p_695,38.18503,-121.71949,81,6591.43606265
p_695,38.18512,-121.71945,82,6602.02290547
p_695,38.18492,-121.71885,83,6659.08522293
p_695,38.18464,-121.7184,84,6709.28795764
p_695,38.18425,-121.71813,85,6758.61942525
p_695,38.18393,-121.718078,86,6794.43039149
p_695,38.183853,-121.718293,87,6815.11549291
p_695,38.183759,-121.718434,88,6831.28567617
p_695,38.183689,-121.718503,89,6841.13038895
p_695,38.183486,-121.718599,90,6865.18196066
p_695,38.183398,-121.718621,91,6875.13831342
p_695,38.183349,-121.718616,92,6880.59492376
p_695,38.183386,-121.718116,93,6924.59367842
p_695,38.183361,-121.718136,94,6927.87560685
p_695,38.183359,-121.718014,95,6938.56673679
p_695,38.183339,-121.717956,96,6944.11207553
p_695,38.183351,-121.717905,97,6948.77466598
p_695,38.183368,-121.717877,98,6951.86963337
p_695,38.183394,-121.717857,99,6955.24593668
p_695,38.183426,-121.717508,100,6986.02858239
p_695,38.183411,-121.717472,101,6989.5951527
p_695,38.183399,-121.717439,102,6992.77846511
p_695,38.183402,-121.717401,103,6996.12438137
p_695,38.183409,-121.717368,104,6999.11820566
p_695,38.183438,-121.717357,105,7002.4783779
p_695,38.183464,-121.717357,106,7005.36437662
p_695,38.183486,-121.717374,107,7008.22475122
p_695,38.183497,-121.717418,108,7012.26847515
p_695,38.183498,-121.717456,109,7015.59962485
p_695,38.1835,-121.71749,110,7018.58673287
p_695,38.18364,-121.71777,111,7047.62625198
p_695,38.18379,-121.7179,112,7067.79917941
p_695,38.18437,-121.7181,113,7134.52113475
p_695,38.18468,-121.71834,114,7174.84701218
p_695,38.18492,-121.7187,115,7216.13226199
p_695,38.18519,-121.71951,116,7293.16635935
p_695,38.18489,-121.71966,117,7328.96571399
p_695,38.18443,-121.7198,118,7381.47826923
p_695,38.18392,-121.71989,119,7438.63476521
p_695,38.18354,-121.71991,120,7480.85112938
p_695,38.183,-121.71986,121,7540.95096702
p_695,38.1828,-121.72101,122,7644.12364155
p_695,38.18255,-121.72199,123,7734.35844556
p_695,38.18213,-121.72287,124,7824.45813596
p_695,38.18174,-121.72338,125,7886.67269349
p_695,38.18223,-121.72404,126,7966.05846059
p_695,38.18261,-121.72482,127,8046.36665127
p_695,38.18289,-121.7256,128,8121.44113743
p_695,38.18316,-121.72692,129,8240.91141723
p_695,38.18336,-121.73644,130,9075.28673071
p_695,38.18348,-121.74991,131,10255.51232165
p_695,38.1835,-121.7686,132,11893.00382662
p_695,38.18356,-121.77844,133,12755.14259613
p_695,38.18365,-121.78092,134,12972.65243306
p_695,38.18354,-121.79707,135,14387.65565183
p_695,38.18355,-121.79904,136,14560.25702098
p_695,38.18363,-121.8008,137,14714.71145439
p_695,38.18361,-121.80601,138,15171.18061705
p_695,38.1837,-121.82166,139,16542.35990497
p_695,38.18373,-121.84023,140,18169.33472955
p_695,38.18385,-121.8418,141,18307.53025288
p_695,38.18407,-121.84304,142,18418.88061756
p_695,38.18441,-121.84426,143,18532.23461794
p_695,38.18462,-121.84484,144,18588.14089781
p_695,38.185,-121.84574,145,18677.56427787
p_695,38.18811,-121.8524,146,19355.51557179
p_695,38.19373,-121.86253,147,20440.26722548
p_695,38.19415,-121.86312,148,20509.87114422
p_695,38.19462,-121.86365,149,20579.70867989
p_695,38.20283,-121.87202,150,21749.33550898
p_695,38.204392,-121.873499,151,21965.76841566
p_695,38.204253,-121.873826,152,21998.30120065
p_695,38.204372,-121.873903,153,22013.13239266
p_695,38.204254,-121.873832,154,22027.63176142
p_695,38.204351,-121.873616,155,22049.40008164
p_695,38.204372,-121.873564,156,22054.51650945
p_695,38.204401,-121.873493,157,22061.51900671
p_695,38.20477,-121.873804,158,22110.70903506
p_695,38.204993,-121.873991,159,22140.39038136
p_695,38.205288,-121.874241,160,22179.78215928
p_695,38.205577,-121.874501,161,22219.12246717
p_695,38.205865,-121.874767,162,22258.67948309
p_695,38.206111,-121.874991,163,22292.30298821
p_695,38.206397,-121.875272,164,22332.47198242
p_695,38.20668,-121.875565,165,22373.0349065
p_695,38.206877,-121.875777,166,22401.72188133
p_695,38.207182,-121.876118,167,22446.86803763
p_695,38.207566,-121.87658,168,22505.64013108
p_695,38.207873,-121.876968,169,22553.76570325
p_695,38.208485,-121.877762,170,22650.980894
p_695,38.208732,-121.878076,171,22689.81396407
p_695,38.209027,-121.878442,172,22735.63737194
p_695,38.209284,-121.878737,173,22774.12551359
p_695,38.209604,-121.879082,174,22820.75893422
p_695,38.20982,-121.87929,175,22850.87060062
p_695,38.210043,-121.879497,176,22881.55267976
p_695,38.210266,-121.879695,177,22911.77567033
p_695,38.210501,-121.879887,178,22942.81105843
p_695,38.210737,-121.880069,179,22973.47552636
p_695,38.211213,-121.880428,180,23034.95903887
p_695,38.211925,-121.880969,181,23127.10579899
p_695,38.212478,-121.881407,182,23199.48920567
p_695,38.213025,-121.881866,183,23272.30743933
p_695,38.213627,-121.882398,184,23353.76884104
p_695,38.214196,-121.882921,185,23431.78792536
p_695,38.214892,-121.883557,186,23527.02893205
p_695,38.215586,-121.884184,187,23621.6299941
p_695,38.215928,-121.88451,188,23669.12936203
p_695,38.216268,-121.884847,189,23717.03873622
p_695,38.216619,-121.885203,190,23766.93796123
p_695,38.217365,-121.885988,191,23874.5611791
p_695,38.217865,-121.886501,192,23945.96496747
p_695,38.218375,-121.886989,193,24016.8945482
p_695,38.218877,-121.887473,194,24086.90463949
p_695,38.219383,-121.887942,195,24156.48513267
p_695,38.219623,-121.888164,196,24189.46440555
p_695,38.220017,-121.888521,197,24243.22331148
p_695,38.220232,-121.888708,198,24272.1663648
p_695,38.220849,-121.889276,199,24356.80972703
p_695,38.22134,-121.889711,200,24423.30337107
p_695,38.222015,-121.890344,201,24516.50384152
p_695,38.22273,-121.890994,202,24614.16945138
p_695,38.223157,-121.89138,203,24672.38434013
p_695,38.223707,-121.891879,204,24747.46037351
p_695,38.224018,-121.892164,205,24790.0574982
p_695,38.224631,-121.892723,206,24873.87788377
p_695,38.225104,-121.893149,207,24938.28321961
p_695,38.225827,-121.893806,208,25037.02629072
p_695,38.226252,-121.89421,209,25095.99162126
p_695,38.226489,-121.894457,210,25130.04786603
p_695,38.226702,-121.89471,211,25162.44782578
p_695,38.226848,-121.894895,212,25185.36158835
p_695,38.22703,-121.895155,213,25215.79860683
p_695,38.227207,-121.895432,214,25247.01213399
p_695,38.227404,-121.895776,215,25284.23362125
p_695,38.227508,-121.895977,216,25305.28151294
p_695,38.227617,-121.896204,217,25328.5506174
p_695,38.227716,-121.896432,218,25351.33900149
p_695,38.227804,-121.89665,219,25372.78127193
p_695,38.227913,-121.896948,220,25401.54281349
p_695,38.228009,-121.897249,221,25429.97106616
p_695,38.228086,-121.897525,222,25455.60447896
p_695,38.22815,-121.897783,223,25479.28556207
p_695,38.22823,-121.89816,224,25513.46909111
p_695,38.228277,-121.898448,225,25539.22024271
p_695,38.228314,-121.898736,226,25564.76963191
p_695,38.228358,-121.899224,227,25607.77685552
p_695,38.228374,-121.899723,228,25651.50507283
p_695,38.228379,-121.900845,229,25749.74826337
p_695,38.228398,-121.902019,230,25852.56458983
p_695,38.228395,-121.902395,231,25885.48859127
p_695,38.228397,-121.903625,232,25993.18682706
p_695,38.228405,-121.904695,233,26086.87953908
p_695,38.228399,-121.90514,234,26125.84914052
p_695,38.228395,-121.906699,235,26262.35489561
p_695,38.228401,-121.910575,236,26601.73560081
p_695,38.228408,-121.912145,237,26739.20596849
p_695,38.228413,-121.913491,238,26857.0621441
p_695,38.228416,-121.915,239,26989.18959737
p_695,38.228421,-121.917203,240,27182.08359605
p_695,38.228428,-121.920758,241,27493.35795234
p_695,38.228434,-121.92225,242,27623.99814546
p_695,38.228455,-121.929339,243,28244.7103796
p_695,38.228472,-121.935332,244,28769.4565036
p_695,38.228477,-121.937979,245,29001.22653241
p_695,38.228485,-121.940226,246,29197.97417872
p_695,38.228501,-121.940876,247,29254.91538798
p_695,38.228501,-121.941466,248,29306.57533332
p_695,38.228504,-121.942474,249,29394.83566294
p_695,38.228498,-121.944729,250,29592.28284847
p_695,38.228498,-121.947691,251,29851.63329658
p_695,38.22851,-121.949332,252,29995.32416009
p_695,38.228523,-121.950981,253,30139.71650939
p_695,38.228526,-121.951774,254,30209.15175448
p_695,38.228529,-121.952487,255,30271.5823505
p_695,38.228523,-121.953705,256,30378.23153496
p_695,38.22852,-121.95507,257,30497.75031344
p_695,38.228529,-121.957012,258,30667.79321683
p_695,38.22853,-121.958949,259,30837.39541431
p_695,38.228532,-121.95924,260,30862.87610672
p_695,38.228537,-121.96084,261,31002.97190885
p_695,38.228539,-121.962801,262,31174.67561422
p_695,38.228546,-121.964821,263,31351.54686382
p_695,38.228556,-121.967903,264,31621.40650696
p_695,38.228541,-121.968276,265,31654.10849259
p_695,38.228542,-121.968937,266,31711.98521757
p_695,38.228543,-121.969682,267,31777.21690085
p_695,38.228541,-121.969968,268,31802.25981042
p_695,38.228542,-121.970371,269,31837.54633489
p_695,38.228548,-121.971181,270,31908.47239498
p_695,38.228563,-121.971642,271,31948.87149517
p_695,38.228597,-121.972096,272,31988.80209289
p_695,38.228621,-121.972346,273,32010.85337965
p_695,38.228645,-121.972572,274,32030.82024716
p_695,38.228685,-121.972957,275,32064.82161968
p_695,38.22874,-121.973312,276,32096.49892368
p_695,38.228847,-121.973828,277,32143.21436069
p_695,38.228973,-121.974329,278,32189.25693292
p_695,38.229091,-121.974722,279,32226.07601073
p_695,38.229227,-121.9751,280,32262.45333848
p_695,38.229393,-121.975528,281,32304.21328645
p_695,38.229581,-121.975985,282,32349.34201671
p_695,38.229741,-121.976334,283,32384.68596183
p_695,38.2299,-121.976656,284,32417.94808483
p_695,38.23011,-121.977045,285,32459.22079837
p_695,38.230318,-121.977386,286,32496.96340101
p_695,38.230532,-121.977717,287,32534.43578049
p_695,38.230665,-121.977909,288,32556.80887781
p_695,38.230832,-121.978135,289,32583.92311267
p_695,38.231529,-121.979,290,32692.18981961
p_695,38.232541,-121.980246,291,32848.778685
p_695,38.233082,-121.980909,292,32932.29988188
p_695,38.233537,-121.981467,293,33002.56787561
p_695,38.234791,-121.983009,294,33196.47989452
p_695,38.235814,-121.984266,295,33354.61236354
p_695,38.236643,-121.985271,296,33481.9288175
p_695,38.237584,-121.986418,297,33626.8222109
p_695,38.238298,-121.987254,298,33734.70219918
p_695,38.238635,-121.987655,299,33786.00300062
p_695,38.238975,-121.988064,300,33838.02656292
p_695,38.239562,-121.988787,301,33928.86649949
p_695,38.239764,-121.989038,302,33960.26096235
p_695,38.240179,-121.989544,303,34024.16978109
p_695,38.240269,-121.989657,304,34038.22914003
p_695,38.240365,-121.989537,305,34053.19296399
p_695,38.240921,-121.988822,306,34141.09631789
p_695,38.241043,-121.98869,307,34158.89875347
p_695,38.241166,-121.988575,308,34175.86236019
p_695,38.24137,-121.98842,309,34202.26096862
p_695,38.241593,-121.988293,310,34229.39643528
p_695,38.24178,-121.988214,311,34251.27545102
p_695,38.241873,-121.988187,312,34261.86569584
p_695,38.24201,-121.988153,313,34277.36139248
p_695,38.242134,-121.988129,314,34291.28495717
p_695,38.242211,-121.988122,315,34299.8539789
p_695,38.24228,-121.988116,316,34307.53104225
p_695,38.242768,-121.988117,317,34361.6996356
p_695,38.243084,-121.988115,318,34396.77641339
p_695,38.243374,-121.988119,319,34428.96863233
p_695,38.243495,-121.988191,320,34443.80516817
p_695,38.243369,-121.988256,321,34458.90451421
p_695,38.242273,-121.988256,322,34580.56169412
p_695,38.242147,-121.988268,323,34594.58722542
p_695,38.24203,-121.98829,324,34607.71637852
p_695,38.241896,-121.988323,325,34622.86847317
p_695,38.241742,-121.98838,326,34640.67606042
p_695,38.241623,-121.988431,327,34654.6193267
p_695,38.241484,-121.988504,328,34671.31960703
p_695,38.241334,-121.988608,329,34690.29645028
p_695,38.241216,-121.988703,330,34705.81185781
p_695,38.241012,-121.988907,331,34734.65113976
p_695,38.240862,-121.989096,332,34758.12439518
p_695,38.240661,-121.989356,333,34789.9972589
p_695,38.240443,-121.98964,334,34824.69176621
p_695,38.240351,-121.98976,335,34839.34271242
p_695,38.240478,-121.98992,336,34859.21557098
p_695,38.240683,-121.990169,337,34890.72716342
p_695,38.241084,-121.99067,338,34953.21670392
p_695,38.24133,-121.991007,339,34993.41644206
p_695,38.241656,-121.991503,340,35049.93981081
p_695,38.241912,-121.991936,341,35097.31457457
p_695,38.242113,-121.992319,342,35137.58842153
p_695,38.242299,-121.992701,343,35176.88968466
p_695,38.242513,-121.9932,344,35226.61424778
p_695,38.242632,-121.993513,345,35257.03270575
p_695,38.242794,-121.993972,346,35301.05475526
p_695,38.242935,-121.994435,347,35344.50354674
p_695,38.243034,-121.994802,348,35378.45881304
p_695,38.243156,-121.995328,349,35426.45580241
p_695,38.243246,-121.995809,350,35469.73217669
p_695,38.243321,-121.996307,351,35514.11561252
p_695,38.243362,-121.99667,352,35546.21739006
p_695,38.243393,-121.997028,353,35577.74555098
p_695,38.243418,-121.997455,354,35615.22857578
p_695,38.243431,-121.997929,355,35656.74825249
p_695,38.243426,-121.998756,356,35729.14706063
p_695,38.243422,-121.999189,357,35767.05505964
p_695,38.243416,-121.999775,358,35818.35860944
p_695,38.243411,-122.00039,359,35872.19939975
p_695,38.243394,-122.002304,360,36039.76419266
p_695,38.24338,-122.00422,361,36207.50067715
p_695,38.243379,-122.005212,362,36294.34180679
p_695,38.243379,-122.005532,363,36322.35505172
p_695,38.243384,-122.006352,364,36394.14113492
p_695,38.243396,-122.007645,365,36507.33997286
p_695,38.243419,-122.008932,366,36620.03462062
p_695,38.243447,-122.010245,367,36735.01839418
p_695,38.243461,-122.010734,368,36777.85428794
p_695,38.243505,-122.012265,369,36911.96892632
p_695,38.243544,-122.013672,370,37035.21546954
p_695,38.24358,-122.0149,371,37142.79027276
p_695,38.2436,-122.015604,372,37204.45920575
p_695,38.243606,-122.015861,373,37226.96712973
p_695,38.24362,-122.01632,374,37267.17853869
p_695,38.243656,-122.017603,375,37379.56480874
p_695,38.243682,-122.01851,376,37459.01696792
p_695,38.243703,-122.019219,377,37521.12730465
p_695,38.243729,-122.02018,378,37605.30368146
p_695,38.243732,-122.02029,379,37614.9389442
p_695,38.243736,-122.020421,380,37626.41540268
p_695,38.243743,-122.02067,381,37648.22694558
p_695,38.243771,-122.021825,382,37749.38448581
p_695,38.243781,-122.022395,383,37799.2951518
p_695,38.243803,-122.023749,384,37917.85067707
p_695,38.243825,-122.025089,385,38035.18085721
p_695,38.243842,-122.025467,386,38068.32505774
p_695,38.243872,-122.025891,387,38105.5914442
p_695,38.243914,-122.026375,388,38148.21689535
p_695,38.243985,-122.02699,389,38202.62821306
p_695,38.244126,-122.027912,390,38284.84410218
p_695,38.244397,-122.029662,391,38440.96511502
p_695,38.244461,-122.030084,392,38478.58391899
p_695,38.24466,-122.031351,393,38591.67529679
p_695,38.244683,-122.031522,394,38606.860759
p_695,38.244711,-122.031739,395,38626.10947699
p_695,38.24482,-122.032448,396,38689.34345321
p_695,38.244919,-122.032739,397,38717.08667707
p_695,38.244997,-122.033073,398,38747.57986222
p_695,38.245093,-122.033451,399,38782.34325487
p_695,38.245145,-122.033662,400,38801.69491769
p_695,38.245216,-122.033984,401,38830.96357015
p_695,38.245271,-122.034286,402,38858.0961608
p_695,38.24531,-122.034598,403,38885.74931275
p_695,38.245342,-122.034944,404,38916.24539432
p_695,38.245356,-122.035259,405,38943.86394275
p_695,38.245358,-122.035428,406,38958.65970245
p_695,38.245359,-122.035611,407,38974.67972704
p_695,38.245357,-122.035832,408,38994.02712355
p_695,38.245363,-122.036008,409,39009.44837846
p_695,38.245373,-122.036175,410,39024.10947293
p_695,38.24539,-122.036327,411,39037.54853973
p_695,38.245408,-122.036447,412,39048.2415424
p_695,38.24543,-122.036588,413,39060.82378839
p_695,38.245483,-122.036971,414,39094.86342454
p_695,38.245474,-122.03707,415,39103.58716316
p_695,38.245586,-122.037807,416,39169.29017213
p_695,38.245615,-122.037999,417,39186.40309293
p_695,38.245646,-122.038194,418,39203.81651146
p_695,38.245667,-122.038357,419,39218.27446312
p_695,38.245676,-122.038494,420,39230.30879423
p_695,38.24567,-122.038654,421,39244.3308022
p_695,38.245652,-122.038764,422,39254.16515921
p_695,38.245626,-122.038863,423,39263.2994041
p_695,38.245592,-122.038946,424,39271.4868309
p_695,38.245546,-122.039028,425,39280.29580445
p_695,38.245483,-122.039126,426,39291.3637285
p_695,38.245399,-122.039226,427,39304.1531523
p_695,38.245232,-122.039401,428,39328.20121689
p_695,38.244446,-122.04019,429,39439.47795829
p_695,38.244308,-122.040293,430,39457.25281683
p_695,38.244193,-122.040352,431,39471.02323638
p_695,38.243692,-122.040546,432,39529.17014809
p_695,38.243602,-122.040566,433,39539.31250677
p_695,38.243608,-122.04068,434,39549.31439307
p_695,38.243604,-122.040727,435,39553.4527134
p_695,38.243606,-122.040822,436,39561.77208233
p_695,38.24359,-122.040897,437,39568.57363649
p_695,38.243559,-122.040953,438,39574.5630693
p_695,38.24322,-122.041206,439,39618.22657688
p_695,38.243195,-122.041246,440,39622.69450986
p_695,38.243204,-122.041311,441,39628.47174503
p_695,38.243206,-122.041349,442,39631.80572532
p_695,38.2432,-122.041377,443,39634.34575952
p_695,38.243182,-122.041397,444,39637.00235428
p_695,38.2431,-122.041465,445,39647.87821067
p_695,38.243005,-122.041533,446,39659.98752563
p_695,38.243001,-122.041545,447,39661.12800557
p_695,38.2426,-122.041794,448,39710.69028381
p_695,38.242553,-122.041801,449,39715.94320054
p_695,38.242515,-122.041801,450,39720.16124124
p_695,38.242494,-122.041771,451,39723.67279027
p_695,38.242494,-122.041734,452,39726.91186098
p_695,38.242502,-122.041699,453,39730.10193421
p_695,38.242522,-122.041658,454,39734.3222584
p_695,38.242529,-122.040556,455,39830.79712761
p_695,38.243524,-122.040554,456,39941.24334144
p_695,38.243832,-122.040489,457,39975.90196749
p_695,38.2442,-122.04033,458,40019.05668436
p_695,38.24454,-122.04008,459,40062.6834126
p_695,38.24532,-122.0393,460,40172.94908931
p_695,38.24556,-122.03899,461,40210.9770302
p_695,38.24567,-122.0386,462,40247.23490274
p_695,38.24559,-122.03781,463,40316.95827249
p_695,38.24505,-122.03788,464,40377.21128476
p_695,38.24483,-122.03799,465,40403.46147949
p_695,38.24448,-122.03868,466,40475.27941009
p_695,38.24152,-122.04907,467,41442.36407322
p_695,38.24127,-122.05076,468,41592.89305706
p_695,38.24078,-122.05581,469,42038.3245493
p_695,38.24041,-122.06642,470,42968.08167159
p_695,38.23775,-122.06634,471,43263.42740011
p_695,38.23592,-122.06633,472,43466.56104914
p_695,38.23591,-122.06753,473,43571.62732159
p_695,38.23589,-122.06968,474,43759.87368356
p_695,38.23581,-122.07011,475,43798.55350072
p_695,38.23566,-122.07039,476,43828.18745154
p_695,38.23603,-122.07064,477,43874.72604736
p_695,38.23643,-122.07081,478,43921.55458764
p_695,38.23694,-122.07117,479,43986.34747804
p_695,38.23684,-122.07139,480,44008.57789055
p_695,38.23588,-122.07349,481,44221.08139834
p_695,38.23541,-122.07442,482,44317.78360253
p_695,38.23511,-122.07517,483,44391.40821427
p_695,38.23489,-122.07587,484,44457.38033682
p_695,38.23454,-122.07729,485,44587.63273375
p_695,38.23438,-122.07807,486,44658.19499331
p_695,38.23428,-122.07912,487,44750.79256304
p_695,38.23423,-122.08039,488,44862.12245055
p_695,38.23423,-122.08251,489,45047.73345571
p_695,38.23423,-122.08377,490,45158.04943048
p_695,38.2375086770181,-122.083981065345,491,45522.45450668
p_695,38.2375017116218,-122.083983174423,492,45523.24941525
p_695,38.23926,-122.084,493,45718.42672878
p_695,38.2395,-122.08409,494,45746.20772305
p_695,38.24027,-122.08413,495,45831.75021564
p_695,38.24057,-122.08425,496,45866.66831803
p_695,38.24099,-122.08462,497,45923.43690281
p_695,38.2416,-122.08372,498,46027.32393781
p_695,38.24191,-122.08306,499,46094.5730092
p_695,38.24218,-122.08265,500,46141.33302078
p_695,38.24279,-122.08224,501,46217.96850586
p_695,38.24358,-122.08201,502,46307.9412087
p_695,38.24404,-122.08167,503,46367.04336279
p_695,38.24429,-122.08132,504,46408.38142898
p_695,38.24492,-122.07992,505,46549.48510886
p_695,38.24576,-122.07782,506,46755.61145617
p_695,38.24594,-122.07702,507,46828.43668074
p_695,38.2463,-122.07612,508,46916.77579545
p_695,38.24669,-122.0749,509,47032.01222645
p_695,38.24712,-122.07328,510,47181.63954247
p_695,38.24739,-122.07246,511,47259.42518722
p_695,38.2477,-122.07186,512,47322.21544358
p_695,38.24791,-122.07103,513,47398.51818989
p_695,38.24807,-122.0699,514,47499.01547767
p_695,38.24842,-122.06917,515,47573.79974485
p_695,38.248419,-122.069172,516,47574.00703935
p_695,38.248409,-122.069036,517,47585.96348434
p_695,38.248371,-122.068967,518,47593.33049144
p_695,38.248312,-122.06887,519,47604.05365958
p_695,38.248412,-122.068681,520,47623.97658496
p_695,38.248932,-122.068481,521,47684.29378842
p_700,38.243001,-122.041545,1,0
p_700,38.2426,-122.041794,2,49.56227824
p_700,38.242553,-122.041801,3,54.81519497
p_700,38.242515,-122.041801,4,59.03323567
p_700,38.242494,-122.041771,5,62.5447847
p_700,38.242494,-122.041734,6,65.78385541
p_700,38.242502,-122.041699,7,68.97392864
p_700,38.242522,-122.041658,8,73.19425283
p_700,38.242529,-122.040556,9,169.66912204
p_700,38.243524,-122.040554,10,280.11533587
p_700,38.243832,-122.040489,11,314.77396192
p_700,38.2442,-122.04033,12,357.92867879
p_700,38.24454,-122.04008,13,401.55540703
p_700,38.24532,-122.0393,14,511.82108374
p_700,38.24556,-122.03899,15,549.84902463
p_700,38.24567,-122.0386,16,586.10689717
p_700,38.24559,-122.03781,17,655.83026692
p_700,38.24505,-122.03788,18,716.08327919
p_700,38.24483,-122.03799,19,742.33347392
p_700,38.24448,-122.03868,20,814.15140452
p_700,38.24152,-122.04907,21,1781.23606765
p_700,38.24127,-122.05076,22,1931.76505149
p_700,38.24078,-122.05581,23,2377.19654373
p_700,38.24041,-122.06642,24,3306.95366602
p_700,38.23775,-122.06634,25,3602.29939454
p_700,38.23592,-122.06633,26,3805.43304357
p_700,38.23591,-122.06753,27,3910.49931602
p_700,38.23589,-122.06968,28,4098.74567799
p_700,38.23581,-122.07011,29,4137.42549515
p_700,38.23566,-122.07039,30,4167.05944597
p_700,38.23603,-122.07064,31,4213.59804179
p_700,38.23643,-122.07081,32,4260.42658207
p_700,38.23694,-122.07117,33,4325.21947247
p_700,38.23684,-122.07139,34,4347.44988498
p_700,38.23588,-122.07349,35,4559.95339277
p_700,38.23541,-122.07442,36,4656.65559696
p_700,38.23511,-122.07517,37,4730.2802087
p_700,38.23489,-122.07587,38,4796.25233125
p_700,38.23454,-122.07729,39,4926.50472818
p_700,38.23438,-122.07807,40,4997.06698774
p_700,38.23428,-122.07912,41,5089.66455747
p_700,38.23423,-122.08039,42,5200.99444498
p_700,38.23423,-122.08251,43,5386.60545014
p_700,38.23423,-122.08377,44,5496.92142491
p_700,38.2375086770181,-122.083981065345,45,5861.32650111
p_700,38.2375017116218,-122.083983174423,46,5862.12140968
p_700,38.23926,-122.084,47,6057.29872321
p_700,38.2395,-122.08409,48,6085.07971748
p_700,38.24027,-122.08413,49,6170.62221007
p_700,38.24057,-122.08425,50,6205.54031246
p_700,38.24099,-122.08462,51,6262.30889724
p_700,38.2416,-122.08372,52,6366.19593224
p_700,38.24191,-122.08306,53,6433.44500363
p_700,38.24218,-122.08265,54,6480.20501521
p_700,38.24279,-122.08224,55,6556.84050029
p_700,38.24358,-122.08201,56,6646.81320313
p_700,38.24404,-122.08167,57,6705.91535722
p_700,38.24429,-122.08132,58,6747.25342341
p_700,38.24492,-122.07992,59,6888.35710329
p_700,38.24576,-122.07782,60,7094.4834506
p_700,38.24594,-122.07702,61,7167.30867517
p_700,38.2463,-122.07612,62,7255.64778988
p_700,38.24669,-122.0749,63,7370.88422088
p_700,38.24712,-122.07328,64,7520.5115369
p_700,38.24739,-122.07246,65,7598.29718165
p_700,38.2477,-122.07186,66,7661.08743801
p_700,38.24791,-122.07103,67,7737.39018432
p_700,38.24807,-122.0699,68,7837.8874721
p_700,38.24842,-122.06917,69,7912.67173928
p_700,38.248419,-122.069172,70,7912.87903378
p_700,38.248409,-122.069036,71,7924.83547877
p_700,38.248371,-122.068967,72,7932.20248587
p_700,38.248312,-122.06887,73,7942.92565401
p_700,38.248412,-122.068681,74,7962.84857939
p_700,38.248932,-122.068481,75,8023.16578285
