fare_id,route_id,origin_id,destination_id,contains_id
282882,ACETrain,72309,72308,
282883,ACETrain,72309,72310,
282884,ACETrain,72309,72311,
282885,ACETrain,72309,72312,
282886,ACETrain,72309,72313,
282887,ACETrain,72309,72314,
282888,ACETrain,72309,72316,
282889,ACETrain,72309,72315,
282890,ACETrain,72310,72300,
282891,ACETrain,72310,72308,
282892,ACETrain,72310,72309,
282893,ACETrain,72310,72311,
282894,ACETrain,72310,72312,
282895,ACETrain,72310,72313,
282896,ACETrain,72310,72314,
282897,ACETrain,72310,72316,
282898,ACETrain,72310,72315,
282899,ACETrain,72311,72300,
282900,ACETrain,72311,72308,
282901,ACETrain,72311,72309,
282902,ACETrain,72311,72310,
282903,ACETrain,72311,72312,
282904,ACETrain,72311,72313,
282905,ACETrain,72311,72314,
282906,ACETrain,72311,72316,
282907,ACETrain,72311,72315,
282908,ACETrain,72312,72300,
282909,ACETrain,72312,72308,
282910,ACETrain,72312,72309,
282911,ACETrain,72312,72310,
282912,ACETrain,72312,72311,
282913,ACETrain,72312,72313,
282914,ACETrain,72312,72314,
282915,ACETrain,72312,72316,
282916,ACETrain,72312,72315,
282917,ACETrain,72313,72300,
282918,ACETrain,72313,72308,
282919,ACETrain,72313,72309,
282920,ACETrain,72313,72310,
282921,ACETrain,72313,72311,
282922,ACETrain,72313,72312,
282923,ACETrain,72313,72314,
282924,ACETrain,72313,72316,
282925,ACETrain,72313,72315,
282926,ACETrain,72314,72300,
282927,ACETrain,72314,72308,
282928,ACETrain,72314,72309,
282929,ACETrain,72314,72310,
282930,ACETrain,72314,72311,
282931,ACETrain,72314,72312,
282932,ACETrain,72314,72313,
282933,ACETrain,72314,72316,
282934,ACETrain,72314,72315,
282935,ACETrain,72316,72300,
282936,ACETrain,72316,72308,
282937,ACETrain,72316,72309,
282938,ACETrain,72316,72310,
282939,ACETrain,72316,72311,
282940,ACETrain,72316,72312,
282941,ACETrain,72316,72313,
282942,ACETrain,72316,72314,
282943,ACETrain,72316,72315,
282944,ACETrain,72315,72300,
282945,ACETrain,72315,72308,
282946,ACETrain,72315,72309,
282947,ACETrain,72315,72310,
282948,ACETrain,72315,72311,
282949,ACETrain,72315,72312,
282950,ACETrain,72315,72313,
282951,ACETrain,72315,72314,
282952,ACETrain,72315,72316,
282773,ACETrain,72308,72300,
282774,ACETrain,72309,72300,
282775,ACETrain,72310,72300,
282776,ACETrain,72311,72300,
282777,ACETrain,72312,72300,
282778,ACETrain,72313,72300,
282779,ACETrain,72314,72300,
282780,ACETrain,72316,72300,
282781,ACETrain,72315,72300,
282782,ACETrain,72300,72308,
282783,ACETrain,72309,72308,
282784,ACETrain,72310,72308,
282785,ACETrain,72311,72308,
282786,ACETrain,72312,72308,
282787,ACETrain,72313,72308,
282788,ACETrain,72314,72308,
282789,ACETrain,72316,72308,
282790,ACETrain,72315,72308,
282791,ACETrain,72300,72309,
282792,ACETrain,72308,72309,
282793,ACETrain,72310,72309,
282794,ACETrain,72311,72309,
282795,ACETrain,72312,72309,
282796,ACETrain,72313,72309,
282797,ACETrain,72314,72309,
282798,ACETrain,72316,72309,
282799,ACETrain,72315,72309,
282800,ACETrain,72300,72310,
282801,ACETrain,72308,72310,
282802,ACETrain,72309,72310,
282803,ACETrain,72311,72310,
282804,ACETrain,72312,72310,
282805,ACETrain,72313,72310,
282806,ACETrain,72314,72310,
282807,ACETrain,72316,72310,
282808,ACETrain,72315,72310,
282809,ACETrain,72300,72311,
282810,ACETrain,72308,72311,
282811,ACETrain,72309,72311,
282812,ACETrain,72310,72311,
282813,ACETrain,72312,72311,
282814,ACETrain,72313,72311,
282815,ACETrain,72314,72311,
282816,ACETrain,72316,72311,
282817,ACETrain,72315,72311,
282818,ACETrain,72300,72312,
282819,ACETrain,72308,72312,
282820,ACETrain,72309,72312,
282821,ACETrain,72310,72312,
282822,ACETrain,72311,72312,
282823,ACETrain,72313,72312,
282824,ACETrain,72314,72312,
282825,ACETrain,72316,72312,
282826,ACETrain,72315,72312,
282827,ACETrain,72300,72313,
282828,ACETrain,72308,72313,
282829,ACETrain,72309,72313,
282830,ACETrain,72310,72313,
282831,ACETrain,72311,72313,
282832,ACETrain,72312,72313,
282833,ACETrain,72314,72313,
282834,ACETrain,72316,72313,
282835,ACETrain,72315,72313,
282836,ACETrain,72300,72314,
282837,ACETrain,72308,72314,
282838,ACETrain,72309,72314,
282839,ACETrain,72310,72314,
282840,ACETrain,72311,72314,
282841,ACETrain,72312,72314,
282842,ACETrain,72313,72314,
282843,ACETrain,72316,72314,
282844,ACETrain,72315,72314,
282845,ACETrain,72300,72316,
282846,ACETrain,72308,72316,
282847,ACETrain,72309,72316,
282848,ACETrain,72310,72316,
282849,ACETrain,72311,72316,
282850,ACETrain,72312,72316,
282851,ACETrain,72313,72316,
282852,ACETrain,72314,72316,
282853,ACETrain,72315,72316,
282854,ACETrain,72300,72315,
282855,ACETrain,72308,72315,
282856,ACETrain,72309,72315,
282857,ACETrain,72310,72315,
282858,ACETrain,72311,72315,
282859,ACETrain,72312,72315,
282860,ACETrain,72313,72315,
282861,ACETrain,72314,72315,
282862,ACETrain,72316,72315,
282863,ACETrain,72300,72308,
282864,ACETrain,72300,72309,
282865,ACETrain,72300,72310,
282866,ACETrain,72300,72311,
282867,ACETrain,72300,72312,
282868,ACETrain,72300,72313,
282869,ACETrain,72300,72314,
282870,ACETrain,72300,72316,
282871,ACETrain,72300,72315,
282872,ACETrain,72308,72300,
282873,ACETrain,72308,72309,
282874,ACETrain,72308,72310,
282875,ACETrain,72308,72311,
282876,ACETrain,72308,72312,
282877,ACETrain,72308,72313,
282878,ACETrain,72308,72314,
282879,ACETrain,72308,72316,
282880,ACETrain,72308,72315,
282881,ACETrain,72309,72300,