trip_id,arrival_time,departure_time,stop_id,stop_sequence,stop_headsign,pickup_type,drop_off_type,shape_dist_traveled,timepoint
8599201,6:00:00,6:00:00,43004,1,,0,0,,1
8599201,6:30:00,6:30:00,43000,2,,0,0,,1
8758841,6:00:00,6:00:00,43004,1,,0,0,,1
8758841,6:30:00,6:30:00,43000,2,,0,0,,1
8758873,6:45:00,6:45:00,43004,1,,0,0,,1
8758873,7:15:00,7:15:00,43000,2,,0,0,,1
8567754,6:45:00,6:45:00,43004,1,,0,0,,1
8567754,7:15:00,7:15:00,43000,2,,0,0,,1
8723642,6:45:00,6:45:00,43004,1,,0,0,,1
8723642,7:15:00,7:15:00,43000,2,,0,0,,1
8758855,7:20:00,7:20:00,43004,1,,0,0,,1
8758855,7:50:00,7:50:00,43000,2,,0,0,,1
8567768,7:20:00,7:20:00,43004,1,,0,0,,1
8567768,7:50:00,7:50:00,43000,2,,0,0,,1
8599215,7:20:00,7:20:00,43004,1,,0,0,,1
8599215,7:50:00,7:50:00,43000,2,,0,0,,1
8599284,7:50:00,7:50:00,43004,1,,0,0,,1
8599284,8:20:00,8:20:00,43000,2,,0,0,,1
8599336,7:50:00,7:50:00,43004,1,,0,0,,1
8599336,8:20:00,8:20:00,43000,2,,0,0,,1
8758919,7:50:00,7:50:00,43004,1,,0,0,,1
8758919,8:20:00,8:20:00,43000,2,,0,0,,1
8567837,7:50:00,7:50:00,43004,1,,0,0,,1
8567837,8:20:00,8:20:00,43000,2,,0,0,,1
8758953,7:50:00,7:50:00,43004,1,,0,0,,1
8758953,8:20:00,8:20:00,43000,2,,0,0,,1
8567889,7:50:00,7:50:00,43004,1,,0,0,,1
8567889,8:20:00,8:20:00,43000,2,,0,0,,1
8567755,8:00:00,8:00:00,43004,1,,0,0,,1
8567755,8:30:00,8:30:00,43000,2,,0,0,,1
8758842,8:00:00,8:00:00,43004,1,,0,0,,1
8758842,8:30:00,8:30:00,43000,2,,0,0,,1
8599202,8:00:00,8:00:00,43004,1,,0,0,,1
8599202,8:30:00,8:30:00,43000,2,,0,0,,1
8758856,8:35:00,8:35:00,43004,1,,0,0,,1
8758856,9:05:00,9:05:00,43000,2,,0,0,,1
8599216,8:35:00,8:35:00,43004,1,,0,0,,1
8599216,9:05:00,9:05:00,43000,2,,0,0,,1
8567769,8:50:00,8:50:00,43004,1,,0,0,,1
8567769,9:20:00,9:20:00,43000,2,,0,0,,1
8599337,9:00:00,9:00:00,43004,1,,0,0,,1
8599337,10:00:00,10:00:00,43000,2,,0,0,,1
8567890,9:00:00,9:00:00,43004,1,,0,0,,1
8567890,10:00:00,10:00:00,43000,2,,0,0,,1
8599276,9:00:00,9:00:00,43004,1,,0,0,,1
8599276,10:00:00,10:00:00,43000,2,,0,0,,1
8567829,9:00:00,9:00:00,43004,1,,0,0,,1
8567829,10:00:00,10:00:00,43000,2,,0,0,,1
8758912,9:00:00,9:00:00,43004,1,,0,0,,1
8758912,10:00:00,10:00:00,43000,2,,0,0,,1
8758954,9:00:00,9:00:00,43004,1,,0,0,,1
8758954,10:00:00,10:00:00,43000,2,,0,0,,1
8599203,9:25:00,9:25:00,43004,1,,0,0,,1
8599203,9:55:00,9:55:00,43000,2,,0,0,,1
8567756,9:25:00,9:25:00,43004,1,,0,0,,1
8567756,9:55:00,9:55:00,43000,2,,0,0,,1
8758843,9:25:00,9:25:00,43004,1,,0,0,,1
8758843,9:55:00,9:55:00,43000,2,,0,0,,1
8723643,10:00:00,10:00:00,43004,1,,0,0,,1
8723643,10:30:00,10:30:00,43000,2,,0,0,,1
8758955,10:00:00,10:00:00,43004,1,,0,0,,1
8758955,10:30:00,10:30:00,43000,2,,0,0,,1
8567830,10:00:00,10:00:00,43004,1,,0,0,,1
8567830,10:30:00,10:30:00,43000,2,,0,0,,1
8758913,10:00:00,10:00:00,43004,1,,0,0,,1
8758913,10:30:00,10:30:00,43000,2,,0,0,,1
8758874,10:00:00,10:00:00,43004,1,,0,0,,1
8758874,10:30:00,10:30:00,43000,2,,0,0,,1
8599277,10:00:00,10:00:00,43004,1,,0,0,,1
8599277,10:30:00,10:30:00,43000,2,,0,0,,1
8599338,10:00:00,10:00:00,43004,1,,0,0,,1
8599338,10:30:00,10:30:00,43000,2,,0,0,,1
8567891,10:00:00,10:00:00,43004,1,,0,0,,1
8567891,10:30:00,10:30:00,43000,2,,0,0,,1
8567757,10:05:00,10:05:00,43004,1,,0,0,,1
8567757,10:35:00,10:35:00,43000,2,,0,0,,1
8567892,10:30:00,10:30:00,43004,1,,0,0,,1
8567892,11:30:00,11:30:00,43000,2,,0,0,,1
8567831,10:30:00,10:30:00,43004,1,,0,0,,1
8567831,11:30:00,11:30:00,43000,2,,0,0,,1
8599204,10:55:00,10:55:00,43004,1,,0,0,,1
8599204,11:25:00,11:25:00,43000,2,,0,0,,1
8758844,10:55:00,10:55:00,43004,1,,0,0,,1
8758844,11:25:00,11:25:00,43000,2,,0,0,,1
8758958,11:20:00,11:20:00,43004,1,,0,0,,1
8758958,11:50:00,11:50:00,43000,2,,0,0,,1
8599286,11:20:00,11:20:00,43004,1,,0,0,,1
8599286,11:50:00,11:50:00,43000,2,,0,0,,1
8567839,11:20:00,11:20:00,43004,1,,0,0,,1
8567839,11:50:00,11:50:00,43000,2,,0,0,,1
8567895,11:20:00,11:20:00,43004,1,,0,0,,1
8567895,11:50:00,11:50:00,43000,2,,0,0,,1
8758921,11:20:00,11:20:00,43004,1,,0,0,,1
8758921,11:50:00,11:50:00,43000,2,,0,0,,1
8758869,11:20:00,11:20:00,43004,1,,0,0,,1
8758869,11:50:00,11:50:00,43000,2,,0,0,,1
8599342,11:20:00,11:20:00,43004,1,,0,0,,1
8599342,11:50:00,11:50:00,43000,2,,0,0,,1
8599229,11:20:00,11:20:00,43004,1,,0,0,,1
8599229,11:50:00,11:50:00,43000,2,,0,0,,1
8567782,11:20:00,11:20:00,43004,1,,0,0,,1
8567782,11:50:00,11:50:00,43000,2,,0,0,,1
8599220,12:10:00,12:10:00,43004,1,,0,0,,1
8599220,12:40:00,12:40:00,43000,2,,0,0,,1
8758860,12:10:00,12:10:00,43004,1,,0,0,,1
8758860,12:40:00,12:40:00,43000,2,,0,0,,1
8567773,12:40:00,12:40:00,43004,1,,0,0,,1
8567773,13:10:00,13:10:00,43000,2,,0,0,,1
8599341,13:10:00,13:10:00,43004,1,,0,0,,1
8599341,13:40:00,13:40:00,43000,2,,0,0,,1
8567840,13:10:00,13:10:00,43004,1,,0,0,,1
8567840,13:40:00,13:40:00,43000,2,,0,0,,1
8567894,13:10:00,13:10:00,43004,1,,0,0,,1
8567894,13:40:00,13:40:00,43000,2,,0,0,,1
8758957,13:10:00,13:10:00,43004,1,,0,0,,1
8758957,13:40:00,13:40:00,43000,2,,0,0,,1
8599287,13:10:00,13:10:00,43004,1,,0,0,,1
8599287,13:40:00,13:40:00,43000,2,,0,0,,1
8758922,13:10:00,13:10:00,43004,1,,0,0,,1
8758922,13:40:00,13:40:00,43000,2,,0,0,,1
8599226,14:00:00,14:00:00,43004,1,,0,0,,1
8599226,14:30:00,14:30:00,43000,2,,0,0,,1
8758866,14:00:00,14:00:00,43004,1,,0,0,,1
8758866,14:30:00,14:30:00,43000,2,,0,0,,1
8567779,14:00:00,14:00:00,43004,1,,0,0,,1
8567779,14:30:00,14:30:00,43000,2,,0,0,,1
8758956,14:30:00,14:30:00,43004,1,,0,0,,1
8758956,15:00:00,15:00:00,43000,2,,0,0,,1
8567841,14:30:00,14:30:00,43004,1,,0,0,,1
8567841,15:00:00,15:00:00,43000,2,,0,0,,1
8567893,14:30:00,14:30:00,43004,1,,0,0,,1
8567893,15:00:00,15:00:00,43000,2,,0,0,,1
8599288,14:30:00,14:30:00,43004,1,,0,0,,1
8599288,15:00:00,15:00:00,43000,2,,0,0,,1
8758923,14:30:00,14:30:00,43004,1,,0,0,,1
8758923,15:00:00,15:00:00,43000,2,,0,0,,1
8599340,14:30:00,14:30:00,43004,1,,0,0,,1
8599340,15:00:00,15:00:00,43000,2,,0,0,,1
8567783,14:40:00,14:40:00,43004,1,,0,0,,1
8567783,15:10:00,15:10:00,43000,2,,0,0,,1
8599230,14:40:00,14:40:00,43004,1,,0,0,,1
8599230,15:10:00,15:10:00,43000,2,,0,0,,1
8758870,14:40:00,14:40:00,43004,1,,0,0,,1
8758870,15:10:00,15:10:00,43000,2,,0,0,,1
8567758,15:20:00,15:20:00,43004,1,,0,0,,1
8567758,15:50:00,15:50:00,43000,2,,0,0,,1
8758845,15:20:00,15:20:00,43004,1,,0,0,,1
8758845,15:50:00,15:50:00,43000,2,,0,0,,1
8599205,15:20:00,15:20:00,43004,1,,0,0,,1
8599205,15:50:00,15:50:00,43000,2,,0,0,,1
8567780,16:00:00,16:00:00,43004,1,,0,0,,1
8567780,16:30:00,16:30:00,43000,2,,0,0,,1
8758867,16:00:00,16:00:00,43004,1,,0,0,,1
8758867,16:30:00,16:30:00,43000,2,,0,0,,1
8599227,16:00:00,16:00:00,43004,1,,0,0,,1
8599227,16:30:00,16:30:00,43000,2,,0,0,,1
8599344,16:25:00,16:25:00,43004,1,,0,0,,1
8599344,16:55:00,16:55:00,43000,2,,0,0,,1
8758960,16:25:00,16:25:00,43004,1,,0,0,,1
8758960,16:55:00,16:55:00,43000,2,,0,0,,1
8599279,16:25:00,16:25:00,43004,1,,0,0,,1
8599279,16:55:00,16:55:00,43000,2,,0,0,,1
8758914,16:25:00,16:25:00,43004,1,,0,0,,1
8758914,16:55:00,16:55:00,43000,2,,0,0,,1
8567897,16:25:00,16:25:00,43004,1,,0,0,,1
8567897,16:55:00,16:55:00,43000,2,,0,0,,1
8567832,16:25:00,16:25:00,43004,1,,0,0,,1
8567832,16:55:00,16:55:00,43000,2,,0,0,,1
8758846,16:40:00,16:40:00,43004,1,,0,0,,1
8758846,17:10:00,17:10:00,43000,2,,0,0,,1
8567759,16:40:00,16:40:00,43004,1,,0,0,,1
8567759,17:10:00,17:10:00,43000,2,,0,0,,1
8599206,16:40:00,16:40:00,43004,1,,0,0,,1
8599206,17:10:00,17:10:00,43000,2,,0,0,,1
8567776,17:20:00,17:20:00,43004,1,,0,0,,1
8567776,17:50:00,17:50:00,43000,2,,0,0,,1
8758863,17:20:00,17:20:00,43004,1,,0,0,,1
8758863,17:50:00,17:50:00,43000,2,,0,0,,1
8599223,17:20:00,17:20:00,43004,1,,0,0,,1
8599223,17:50:00,17:50:00,43000,2,,0,0,,1
8758847,18:05:00,18:05:00,43004,1,,0,0,,1
8758847,18:35:00,18:35:00,43000,2,,0,0,,1
8567760,18:05:00,18:05:00,43004,1,,0,0,,1
8567760,18:35:00,18:35:00,43000,2,,0,0,,1
8567842,18:05:00,18:05:00,43004,1,,0,0,,1
8567842,19:05:00,19:05:00,43000,2,,0,0,,1
8599207,18:05:00,18:05:00,43004,1,,0,0,,1
8599207,18:35:00,18:35:00,43000,2,,0,0,,1
8599289,18:05:00,18:05:00,43004,1,,0,0,,1
8599289,19:05:00,19:05:00,43000,2,,0,0,,1
8599343,18:05:00,18:05:00,43004,1,,0,0,,1
8599343,19:05:00,19:05:00,43000,2,,0,0,,1
8758959,18:05:00,18:05:00,43004,1,,0,0,,1
8758959,19:05:00,19:05:00,43000,2,,0,0,,1
8758924,18:05:00,18:05:00,43004,1,,0,0,,1
8758924,19:05:00,19:05:00,43000,2,,0,0,,1
8567896,18:05:00,18:05:00,43004,1,,0,0,,1
8567896,19:05:00,19:05:00,43000,2,,0,0,,1
8758875,18:50:00,18:50:00,43004,1,,0,0,,1
8758875,19:20:00,19:20:00,43000,2,,0,0,,1
8723644,18:50:00,18:50:00,43004,1,,0,0,,1
8723644,19:20:00,19:20:00,43000,2,,0,0,,1
8567774,19:20:00,19:20:00,43004,1,,0,0,,1
8567774,19:50:00,19:50:00,43000,2,,0,0,,1
8758861,19:20:00,19:20:00,43004,1,,0,0,,1
8758861,19:50:00,19:50:00,43000,2,,0,0,,1
8599221,19:20:00,19:20:00,43004,1,,0,0,,1
8599221,19:50:00,19:50:00,43000,2,,0,0,,1
8599208,6:35:00,6:35:00,43000,1,,0,0,,1
8599208,7:05:00,7:05:00,43004,2,,0,0,,1
8758848,6:35:00,6:35:00,43000,1,,0,0,,1
8758848,7:05:00,7:05:00,43004,2,,0,0,,1
8567761,7:20:00,7:20:00,43000,1,,0,0,,1
8567761,7:50:00,7:50:00,43004,2,,0,0,,1
8723645,7:20:00,7:20:00,43000,1,,0,0,,1
8723645,7:50:00,7:50:00,43004,2,,0,0,,1
8758876,7:20:00,7:20:00,43000,1,,0,0,,1
8758876,7:50:00,7:50:00,43004,2,,0,0,,1
8599217,7:55:00,7:55:00,43000,1,,0,0,,1
8599217,8:25:00,8:25:00,43004,2,,0,0,,1
8758857,7:55:00,7:55:00,43000,1,,0,0,,1
8758857,8:25:00,8:25:00,43004,2,,0,0,,1
8567770,8:00:00,8:00:00,43000,1,,0,0,,1
8567770,8:30:00,8:30:00,43004,2,,0,0,,1
8567884,8:30:00,8:30:00,43000,1,,0,0,,1
8567884,9:00:00,9:00:00,43004,2,,0,0,,1
8567833,8:30:00,8:30:00,43000,1,,0,0,,1
8567833,9:00:00,9:00:00,43004,2,,0,0,,1
8599331,8:30:00,8:30:00,43000,1,,0,0,,1
8599331,9:00:00,9:00:00,43004,2,,0,0,,1
8599280,8:30:00,8:30:00,43000,1,,0,0,,1
8599280,9:00:00,9:00:00,43004,2,,0,0,,1
8758915,8:30:00,8:30:00,43000,1,,0,0,,1
8758915,9:00:00,9:00:00,43004,2,,0,0,,1
8758948,8:30:00,8:30:00,43000,1,,0,0,,1
8758948,9:00:00,9:00:00,43004,2,,0,0,,1
8599209,8:40:00,8:40:00,43000,1,,0,0,,1
8599209,9:10:00,9:10:00,43004,2,,0,0,,1
8758849,8:40:00,8:40:00,43000,1,,0,0,,1
8758849,9:10:00,9:10:00,43004,2,,0,0,,1
8567762,8:40:00,8:40:00,43000,1,,0,0,,1
8567762,9:10:00,9:10:00,43004,2,,0,0,,1
8599218,9:15:00,9:15:00,43000,1,,0,0,,1
8599218,9:45:00,9:45:00,43004,2,,0,0,,1
8758858,9:15:00,9:15:00,43000,1,,0,0,,1
8758858,9:45:00,9:45:00,43004,2,,0,0,,1
8567771,9:30:00,9:30:00,43000,1,,0,0,,1
8567771,10:00:00,10:00:00,43004,2,,0,0,,1
8567763,10:05:00,10:05:00,43000,1,,0,0,,1
8567763,10:35:00,10:35:00,43004,2,,0,0,,1
8758850,10:05:00,10:05:00,43000,1,,0,0,,1
8758850,10:35:00,10:35:00,43004,2,,0,0,,1
8599210,10:05:00,10:05:00,43000,1,,0,0,,1
8599210,10:35:00,10:35:00,43004,2,,0,0,,1
8599285,10:40:00,10:40:00,43000,1,,0,0,,1
8599285,11:10:00,11:10:00,43004,2,,0,0,,1
8567838,10:40:00,10:40:00,43000,1,,0,0,,1
8567838,11:10:00,11:10:00,43004,2,,0,0,,1
8758949,10:40:00,10:40:00,43000,1,,0,0,,1
8758949,11:10:00,11:10:00,43004,2,,0,0,,1
8567885,10:40:00,10:40:00,43000,1,,0,0,,1
8567885,11:10:00,11:10:00,43004,2,,0,0,,1
8599232,10:40:00,10:40:00,43000,1,,0,0,,1
8599232,11:10:00,11:10:00,43004,2,,0,0,,1
8758920,10:40:00,10:40:00,43000,1,,0,0,,1
8758920,11:10:00,11:10:00,43004,2,,0,0,,1
8599332,10:40:00,10:40:00,43000,1,,0,0,,1
8599332,11:10:00,11:10:00,43004,2,,0,0,,1
8758872,10:40:00,10:40:00,43000,1,,0,0,,1
8758872,11:10:00,11:10:00,43004,2,,0,0,,1
8567785,10:45:00,10:45:00,43000,1,,0,0,,1
8567785,11:15:00,11:15:00,43004,2,,0,0,,1
8758877,11:30:00,11:30:00,43000,1,,0,0,,1
8758877,12:00:00,12:00:00,43004,2,,0,0,,1
8723646,11:30:00,11:30:00,43000,1,,0,0,,1
8723646,12:00:00,12:00:00,43004,2,,0,0,,1
8758950,12:00:00,12:00:00,43000,1,,0,0,,1
8758950,12:30:00,12:30:00,43004,2,,0,0,,1
8599333,12:00:00,12:00:00,43000,1,,0,0,,1
8599333,12:30:00,12:30:00,43004,2,,0,0,,1
8758916,12:00:00,12:00:00,43000,1,,0,0,,1
8758916,12:30:00,12:30:00,43004,2,,0,0,,1
8567886,12:00:00,12:00:00,43000,1,,0,0,,1
8567886,12:30:00,12:30:00,43004,2,,0,0,,1
8599281,12:00:00,12:00:00,43000,1,,0,0,,1
8599281,12:30:00,12:30:00,43004,2,,0,0,,1
8567834,12:00:00,12:00:00,43000,1,,0,0,,1
8567834,12:30:00,12:30:00,43004,2,,0,0,,1
8567764,12:00:00,12:00:00,43000,1,,0,0,,1
8567764,12:30:00,12:30:00,43004,2,,0,0,,1
8599211,12:30:00,12:30:00,43000,1,,0,0,,1
8599211,13:00:00,13:00:00,43004,2,,0,0,,1
8758851,12:30:00,12:30:00,43000,1,,0,0,,1
8758851,13:00:00,13:00:00,43004,2,,0,0,,1
8599231,13:20:00,13:20:00,43000,1,,0,0,,1
8599231,13:50:00,13:50:00,43004,2,,0,0,,1
8758871,13:20:00,13:20:00,43000,1,,0,0,,1
8758871,13:50:00,13:50:00,43004,2,,0,0,,1
8567784,13:20:00,13:20:00,43000,1,,0,0,,1
8567784,13:50:00,13:50:00,43004,2,,0,0,,1
8758917,13:50:00,13:50:00,43000,1,,0,0,,1
8758917,14:20:00,14:20:00,43004,2,,0,0,,1
8567835,13:50:00,13:50:00,43000,1,,0,0,,1
8567835,14:20:00,14:20:00,43004,2,,0,0,,1
8599334,13:50:00,13:50:00,43000,1,,0,0,,1
8599334,14:20:00,14:20:00,43004,2,,0,0,,1
8599282,13:50:00,13:50:00,43000,1,,0,0,,1
8599282,14:20:00,14:20:00,43004,2,,0,0,,1
8758951,13:50:00,13:50:00,43000,1,,0,0,,1
8758951,14:20:00,14:20:00,43004,2,,0,0,,1
8567887,13:50:00,13:50:00,43000,1,,0,0,,1
8567887,14:20:00,14:20:00,43004,2,,0,0,,1
8567775,14:40:00,14:40:00,43000,1,,0,0,,1
8567775,15:10:00,15:10:00,43004,2,,0,0,,1
8758862,14:40:00,14:40:00,43000,1,,0,0,,1
8758862,15:10:00,15:10:00,43004,2,,0,0,,1
8599222,14:40:00,14:40:00,43000,1,,0,0,,1
8599222,15:10:00,15:10:00,43004,2,,0,0,,1
8599228,15:20:00,15:20:00,43000,1,,0,0,,1
8599228,15:50:00,15:50:00,43004,2,,0,0,,1
8567781,15:20:00,15:20:00,43000,1,,0,0,,1
8567781,15:50:00,15:50:00,43004,2,,0,0,,1
8758868,15:20:00,15:20:00,43000,1,,0,0,,1
8758868,15:50:00,15:50:00,43004,2,,0,0,,1
8758952,15:30:00,15:30:00,43000,1,,0,0,,1
8758952,16:00:00,16:00:00,43004,2,,0,0,,1
8567888,15:30:00,15:30:00,43000,1,,0,0,,1
8567888,16:00:00,16:00:00,43004,2,,0,0,,1
8599335,15:30:00,15:30:00,43000,1,,0,0,,1
8599335,16:00:00,16:00:00,43004,2,,0,0,,1
8758925,15:30:00,15:30:00,43000,1,,0,0,,1
8758925,16:00:00,16:00:00,43004,2,,0,0,,1
8599290,15:30:00,15:30:00,43000,1,,0,0,,1
8599290,16:00:00,16:00:00,43004,2,,0,0,,1
8567843,15:30:00,15:30:00,43000,1,,0,0,,1
8567843,16:00:00,16:00:00,43004,2,,0,0,,1
8758852,16:00:00,16:00:00,43000,1,,0,0,,1
8758852,16:30:00,16:30:00,43004,2,,0,0,,1
8567765,16:00:00,16:00:00,43000,1,,0,0,,1
8567765,16:30:00,16:30:00,43004,2,,0,0,,1
8599212,16:00:00,16:00:00,43000,1,,0,0,,1
8599212,16:30:00,16:30:00,43004,2,,0,0,,1
8567844,16:30:00,16:30:00,43000,1,,0,0,,1
8567844,17:30:00,17:30:00,43004,2,,0,0,,1
8567899,16:30:00,16:30:00,43000,1,,0,0,,1
8567899,17:30:00,17:30:00,43004,2,,0,0,,1
8599224,16:40:00,16:40:00,43000,1,,0,0,,1
8599224,17:10:00,17:10:00,43004,2,,0,0,,1
8567777,16:40:00,16:40:00,43000,1,,0,0,,1
8567777,17:10:00,17:10:00,43004,2,,0,0,,1
8758864,16:40:00,16:40:00,43000,1,,0,0,,1
8758864,17:10:00,17:10:00,43004,2,,0,0,,1
8567845,17:05:00,17:05:00,43000,1,,0,0,,1
8567845,17:35:00,17:35:00,43004,2,,0,0,,1
8567900,17:05:00,17:05:00,43000,1,,0,0,,1
8567900,17:35:00,17:35:00,43004,2,,0,0,,1
8758926,17:05:00,17:05:00,43000,1,,0,0,,1
8758926,17:35:00,17:35:00,43004,2,,0,0,,1
8599292,17:05:00,17:05:00,43000,1,,0,0,,1
8599292,17:35:00,17:35:00,43004,2,,0,0,,1
8758962,17:05:00,17:05:00,43000,1,,0,0,,1
8758962,17:35:00,17:35:00,43004,2,,0,0,,1
8599347,17:05:00,17:05:00,43000,1,,0,0,,1
8599347,17:35:00,17:35:00,43004,2,,0,0,,1
8599225,17:25:00,17:25:00,43000,1,,0,0,,1
8599225,17:55:00,17:55:00,43004,2,,0,0,,1
8567778,17:25:00,17:25:00,43000,1,,0,0,,1
8567778,17:55:00,17:55:00,43004,2,,0,0,,1
8758865,17:25:00,17:25:00,43000,1,,0,0,,1
8758865,17:55:00,17:55:00,43004,2,,0,0,,1
8599293,17:45:00,17:45:00,43000,1,,0,0,,1
8599293,18:45:00,18:45:00,43004,2,,0,0,,1
8758927,17:45:00,17:45:00,43000,1,,0,0,,1
8758927,18:45:00,18:45:00,43004,2,,0,0,,1
8599345,17:45:00,17:45:00,43000,1,,0,0,,1
8599345,18:45:00,18:45:00,43004,2,,0,0,,1
8758961,17:45:00,17:45:00,43000,1,,0,0,,1
8758961,18:45:00,18:45:00,43004,2,,0,0,,1
8567846,17:45:00,17:45:00,43000,1,,0,0,,1
8567846,18:45:00,18:45:00,43004,2,,0,0,,1
8567898,17:45:00,17:45:00,43000,1,,0,0,,1
8567898,18:45:00,18:45:00,43004,2,,0,0,,1
8599213,18:00:00,18:00:00,43000,1,,0,0,,1
8599213,18:30:00,18:30:00,43004,2,,0,0,,1
8758853,18:00:00,18:00:00,43000,1,,0,0,,1
8758853,18:30:00,18:30:00,43004,2,,0,0,,1
8567766,18:00:00,18:00:00,43000,1,,0,0,,1
8567766,18:30:00,18:30:00,43004,2,,0,0,,1
8567767,18:45:00,18:45:00,43000,1,,0,0,,1
8567767,19:15:00,19:15:00,43004,2,,0,0,,1
8723647,18:45:00,18:45:00,43000,1,,0,0,,1
8723647,19:15:00,19:15:00,43004,2,,0,0,,1
8758878,18:45:00,18:45:00,43000,1,,0,0,,1
8758878,19:15:00,19:15:00,43004,2,,0,0,,1
8758918,19:15:00,19:15:00,43000,1,,0,0,,1
8758918,20:15:00,20:15:00,43004,2,,0,0,,1
8599283,19:15:00,19:15:00,43000,1,,0,0,,1
8599283,20:15:00,20:15:00,43004,2,,0,0,,1
8567836,19:15:00,19:15:00,43000,1,,0,0,,1
8567836,20:15:00,20:15:00,43004,2,,0,0,,1
8758963,19:15:00,19:15:00,43000,1,,0,0,,1
8758963,20:15:00,20:15:00,43004,2,,0,0,,1
8567901,19:15:00,19:15:00,43000,1,,0,0,,1
8567901,20:15:00,20:15:00,43004,2,,0,0,,1
8599348,19:15:00,19:15:00,43000,1,,0,0,,1
8599348,20:15:00,20:15:00,43004,2,,0,0,,1
8758854,19:30:00,19:30:00,43000,1,,0,0,,1
8758854,20:00:00,20:00:00,43004,2,,0,0,,1
8599214,19:30:00,19:30:00,43000,1,,0,0,,1
8599214,20:00:00,20:00:00,43004,2,,0,0,,1
8758859,20:00:00,20:00:00,43000,1,,0,0,,1
8758859,20:30:00,20:30:00,43004,2,,0,0,,1
8567772,20:00:00,20:00:00,43000,1,,0,0,,1
8567772,20:30:00,20:30:00,43004,2,,0,0,,1
8599219,20:00:00,20:00:00,43000,1,,0,0,,1
8599219,20:30:00,20:30:00,43004,2,,0,0,,1
8567813,8:55:00,8:55:00,43008,1,,0,0,,1
8567813,9:25:00,9:25:00,43007,2,,0,0,,1
8567808,10:55:00,10:55:00,43008,1,,0,0,,1
8567808,11:45:00,11:45:00,43007,2,,0,0,,1
8599255,10:55:00,10:55:00,43008,1,,0,0,,1
8599255,11:45:00,11:45:00,43007,2,,0,0,,1
8758820,10:55:00,10:55:00,43008,1,,0,0,,1
8758820,11:45:00,11:45:00,43007,2,,0,0,,1
8567902,11:40:00,11:40:00,43008,1,,0,0,,1
8567902,12:45:00,12:45:00,43007,2,,0,0,,1
8567860,11:40:00,11:40:00,43008,1,,0,0,,1
8567860,12:45:00,12:45:00,43007,2,,0,0,,1
8599349,11:55:00,11:55:00,43008,1,,0,0,,1
8599349,12:55:00,12:55:00,43007,2,,0,0,,1
8599307,11:55:00,11:55:00,43008,1,,0,0,,1
8599307,12:55:00,12:55:00,43007,2,,0,0,,1
8758899,11:55:00,11:55:00,43008,1,,0,0,,1
8758899,12:55:00,12:55:00,43007,2,,0,0,,1
8758942,11:55:00,11:55:00,43008,1,,0,0,,1
8758942,12:55:00,12:55:00,43007,2,,0,0,,1
8567809,12:25:00,12:25:00,43008,1,,0,0,,1
8567809,12:55:00,12:55:00,43007,2,,0,0,,1
8758821,12:25:00,12:25:00,43008,1,,0,0,,1
8758821,12:55:00,12:55:00,43007,2,,0,0,,1
8599256,12:25:00,12:25:00,43008,1,,0,0,,1
8599256,12:55:00,12:55:00,43007,2,,0,0,,1
8758947,14:25:00,14:25:00,43008,1,,0,0,,1
8758947,14:55:00,14:55:00,43007,2,,0,0,,1
8758900,14:25:00,14:25:00,43008,1,,0,0,,1
8758900,14:55:00,14:55:00,43007,2,,0,0,,1
8567903,14:25:00,14:25:00,43008,1,,0,0,,1
8567903,14:55:00,14:55:00,43007,2,,0,0,,1
8599308,14:25:00,14:25:00,43008,1,,0,0,,1
8599308,14:55:00,14:55:00,43007,2,,0,0,,1
8567861,14:25:00,14:25:00,43008,1,,0,0,,1
8567861,14:55:00,14:55:00,43007,2,,0,0,,1
8739907,14:25:00,14:25:00,43008,1,,0,0,,1
8739907,14:55:00,14:55:00,43007,2,,0,0,,1
8599251,15:30:00,15:30:00,43008,1,,0,0,,1
8599251,16:00:00,16:00:00,43007,2,,0,0,,1
8758816,15:30:00,15:30:00,43008,1,,0,0,,1
8758816,16:00:00,16:00:00,43007,2,,0,0,,1
8567804,15:35:00,15:35:00,43008,1,,0,0,,1
8567804,16:05:00,16:05:00,43007,2,,0,0,,1
8758943,16:25:00,16:25:00,43008,1,,0,0,,1
8758943,16:55:00,16:55:00,43007,2,,0,0,,1
8739785,16:25:00,16:25:00,43008,1,,0,0,,1
8739785,16:55:00,16:55:00,43007,2,,0,0,,1
8758903,16:25:00,16:25:00,43008,1,,0,0,,1
8758903,16:55:00,16:55:00,43007,2,,0,0,,1
8599350,16:25:00,16:25:00,43008,1,,0,0,,1
8599350,16:55:00,16:55:00,43007,2,,0,0,,1
8758817,17:15:00,17:15:00,43008,1,,0,0,,1
8758817,17:45:00,17:45:00,43007,2,,0,0,,1
8599252,17:15:00,17:15:00,43008,1,,0,0,,1
8599252,17:45:00,17:45:00,43007,2,,0,0,,1
8567805,17:20:00,17:20:00,43008,1,,0,0,,1
8567805,17:50:00,17:50:00,43007,2,,0,0,,1
8567811,18:40:00,18:40:00,43008,1,,0,0,,1
8567811,19:10:00,19:10:00,43007,2,,0,0,,1
8567812,7:50:00,7:50:00,43007,1,,0,0,,1
8567812,8:20:00,8:20:00,43008,2,,0,0,,1
8567800,9:35:00,9:35:00,43007,1,,0,0,,1
8567800,10:05:00,10:05:00,43008,2,,0,0,,1
8745266,9:35:00,9:35:00,43007,1,,0,0,,1
8745266,10:05:00,10:05:00,43008,2,,0,0,,1
8758825,9:35:00,9:35:00,43007,1,,0,0,,1
8758825,10:05:00,10:05:00,43008,2,,0,0,,1
8739906,11:15:00,11:15:00,43007,1,,0,0,,1
8739906,11:45:00,11:45:00,43008,2,,0,0,,1
8599306,11:15:00,11:15:00,43007,1,,0,0,,1
8599306,11:45:00,11:45:00,43008,2,,0,0,,1
8758898,11:15:00,11:15:00,43007,1,,0,0,,1
8758898,11:45:00,11:45:00,43008,2,,0,0,,1
8758946,11:15:00,11:15:00,43007,1,,0,0,,1
8758946,11:45:00,11:45:00,43008,2,,0,0,,1
8758818,11:50:00,11:50:00,43007,1,,0,0,,1
8758818,12:20:00,12:20:00,43008,2,,0,0,,1
8567806,11:50:00,11:50:00,43007,1,,0,0,,1
8567806,12:20:00,12:20:00,43008,2,,0,0,,1
8599253,11:50:00,11:50:00,43007,1,,0,0,,1
8599253,12:20:00,12:20:00,43008,2,,0,0,,1
8567904,12:55:00,12:55:00,43007,1,,0,0,,1
8567904,13:25:00,13:25:00,43008,2,,0,0,,1
8567862,12:55:00,12:55:00,43007,1,,0,0,,1
8567862,13:25:00,13:25:00,43008,2,,0,0,,1
8758901,13:05:00,13:05:00,43007,1,,0,0,,1
8758901,13:35:00,13:35:00,43008,2,,0,0,,1
8599309,13:05:00,13:05:00,43007,1,,0,0,,1
8599309,13:35:00,13:35:00,43008,2,,0,0,,1
8599351,13:05:00,13:05:00,43007,1,,0,0,,1
8599351,13:35:00,13:35:00,43008,2,,0,0,,1
8758944,13:05:00,13:05:00,43007,1,,0,0,,1
8758944,13:35:00,13:35:00,43008,2,,0,0,,1
8599257,13:15:00,13:15:00,43007,1,,0,0,,1
8599257,13:45:00,13:45:00,43008,2,,0,0,,1
8567810,13:15:00,13:15:00,43007,1,,0,0,,1
8567810,13:45:00,13:45:00,43008,2,,0,0,,1
8758822,13:15:00,13:15:00,43007,1,,0,0,,1
8758822,13:45:00,13:45:00,43008,2,,0,0,,1
8758902,15:05:00,15:05:00,43007,1,,0,0,,1
8758902,16:05:00,16:05:00,43008,2,,0,0,,1
8567859,15:05:00,15:05:00,43007,1,,0,0,,1
8567859,16:05:00,16:05:00,43008,2,,0,0,,1
8739784,15:05:00,15:05:00,43007,1,,0,0,,1
8739784,16:05:00,16:05:00,43008,2,,0,0,,1
8567905,15:05:00,15:05:00,43007,1,,0,0,,1
8567905,16:05:00,16:05:00,43008,2,,0,0,,1
8758945,15:05:00,15:05:00,43007,1,,0,0,,1
8758945,16:05:00,16:05:00,43008,2,,0,0,,1
8599352,15:05:00,15:05:00,43007,1,,0,0,,1
8599352,16:05:00,16:05:00,43008,2,,0,0,,1
8758814,16:15:00,16:15:00,43007,1,,0,0,,1
8758814,17:05:00,17:05:00,43008,2,,0,0,,1
8567802,16:15:00,16:15:00,43007,1,,0,0,,1
8567802,17:05:00,17:05:00,43008,2,,0,0,,1
8599249,16:15:00,16:15:00,43007,1,,0,0,,1
8599249,17:05:00,17:05:00,43008,2,,0,0,,1
8567807,18:00:00,18:00:00,43007,1,,0,0,,1
8567807,18:30:00,18:30:00,43008,2,,0,0,,1
8758813,6:35:00,6:35:00,43007,1,,0,0,,1
8758813,7:05:00,7:05:00,43000,2,,0,0,,1
8599248,6:35:00,6:35:00,43007,1,,0,0,,1
8599248,7:05:00,7:05:00,43000,2,,0,0,,1
8567801,6:35:00,6:35:00,43007,1,,0,0,,1
8567801,7:05:00,7:05:00,43000,2,,0,0,,1
8758824,8:10:00,8:10:00,43007,1,,0,0,,1
8758824,8:40:00,8:40:00,43000,2,,0,0,,1
8599259,8:10:00,8:10:00,43007,1,,0,0,,1
8599259,8:40:00,8:40:00,43000,2,,0,0,,1
8758819,17:55:00,17:55:00,43007,1,,0,0,,1
8758819,18:25:00,18:25:00,43000,2,,0,0,,1
8599254,17:55:00,17:55:00,43007,1,,0,0,,1
8599254,18:25:00,18:25:00,43000,2,,0,0,,1
8758815,7:10:00,7:10:00,43000,1,,0,0,,1
8758815,7:40:00,7:40:00,43007,2,,0,0,,1
8599250,7:10:00,7:10:00,43000,1,,0,0,,1
8599250,7:40:00,7:40:00,43007,2,,0,0,,1
8567803,7:10:00,7:10:00,43000,1,,0,0,,1
8567803,7:40:00,7:40:00,43007,2,,0,0,,1
8758826,8:55:00,8:55:00,43000,1,,0,0,,1
8758826,9:25:00,9:25:00,43007,2,,0,0,,1
8745267,8:55:00,8:55:00,43000,1,,0,0,,1
8745267,9:25:00,9:25:00,43007,2,,0,0,,1
8758823,18:30:00,18:30:00,43000,1,,0,0,,1
8758823,19:00:00,19:00:00,43007,2,,0,0,,1
8599258,18:30:00,18:30:00,43000,1,,0,0,,1
8599258,19:00:00,19:00:00,43007,2,,0,0,,1
8599243,10:15:00,10:15:00,43008,1,,0,0,,1
8599243,10:45:00,10:45:00,43003,2,,0,0,,1
8567796,10:15:00,10:15:00,43008,1,,0,0,,1
8567796,10:45:00,10:45:00,43003,2,,0,0,,1
8758836,10:15:00,10:15:00,43008,1,,0,0,,1
8758836,10:45:00,10:45:00,43003,2,,0,0,,1
8567797,12:10:00,12:10:00,43008,1,,0,0,,1
8567797,12:40:00,12:40:00,43003,2,,0,0,,1
8599244,12:10:00,12:10:00,43008,1,,0,0,,1
8599244,12:40:00,12:40:00,43003,2,,0,0,,1
8758837,12:10:00,12:10:00,43008,1,,0,0,,1
8758837,12:40:00,12:40:00,43003,2,,0,0,,1
8567881,12:35:00,12:35:00,43008,1,,0,0,,1
8567881,13:05:00,13:05:00,43003,2,,0,0,,1
8567853,12:35:00,12:35:00,43008,1,,0,0,,1
8567853,13:05:00,13:05:00,43003,2,,0,0,,1
8758969,12:35:00,12:35:00,43008,1,,0,0,,1
8758969,13:05:00,13:05:00,43003,2,,0,0,,1
8599300,12:35:00,12:35:00,43008,1,,0,0,,1
8599300,13:05:00,13:05:00,43003,2,,0,0,,1
8599328,12:35:00,12:35:00,43008,1,,0,0,,1
8599328,13:05:00,13:05:00,43003,2,,0,0,,1
8758910,12:35:00,12:35:00,43008,1,,0,0,,1
8758910,13:05:00,13:05:00,43003,2,,0,0,,1
8758970,14:15:00,14:15:00,43008,1,,0,0,,1
8758970,14:45:00,14:45:00,43003,2,,0,0,,1
8567850,14:15:00,14:15:00,43008,1,,0,0,,1
8567850,14:45:00,14:45:00,43003,2,,0,0,,1
8599297,14:15:00,14:15:00,43008,1,,0,0,,1
8599297,14:45:00,14:45:00,43003,2,,0,0,,1
8599329,14:15:00,14:15:00,43008,1,,0,0,,1
8599329,14:45:00,14:45:00,43003,2,,0,0,,1
8567882,14:15:00,14:15:00,43008,1,,0,0,,1
8567882,14:45:00,14:45:00,43003,2,,0,0,,1
8758907,14:15:00,14:15:00,43008,1,,0,0,,1
8758907,14:45:00,14:45:00,43003,2,,0,0,,1
8599245,14:45:00,14:45:00,43008,1,,0,0,,1
8599245,15:15:00,15:15:00,43003,2,,0,0,,1
8567798,14:45:00,14:45:00,43008,1,,0,0,,1
8567798,15:15:00,15:15:00,43003,2,,0,0,,1
8758838,14:45:00,14:45:00,43008,1,,0,0,,1
8758838,15:15:00,15:15:00,43003,2,,0,0,,1
8599298,16:00:00,16:00:00,43008,1,,0,0,,1
8599298,16:30:00,16:30:00,43003,2,,0,0,,1
8567851,16:00:00,16:00:00,43008,1,,0,0,,1
8567851,16:30:00,16:30:00,43003,2,,0,0,,1
8758971,16:00:00,16:00:00,43008,1,,0,0,,1
8758971,16:30:00,16:30:00,43003,2,,0,0,,1
8567883,16:00:00,16:00:00,43008,1,,0,0,,1
8567883,16:30:00,16:30:00,43003,2,,0,0,,1
8758908,16:00:00,16:00:00,43008,1,,0,0,,1
8758908,16:30:00,16:30:00,43003,2,,0,0,,1
8599330,16:00:00,16:00:00,43008,1,,0,0,,1
8599330,16:30:00,16:30:00,43003,2,,0,0,,1
8599233,16:20:00,16:20:00,43008,1,,0,0,,1
8599233,16:50:00,16:50:00,43003,2,,0,0,,1
8758827,16:20:00,16:20:00,43008,1,,0,0,,1
8758827,16:50:00,16:50:00,43003,2,,0,0,,1
8567786,16:20:00,16:20:00,43008,1,,0,0,,1
8567786,16:50:00,16:50:00,43003,2,,0,0,,1
8758828,17:45:00,17:45:00,43008,1,,0,0,,1
8758828,18:15:00,18:15:00,43003,2,,0,0,,1
8567787,17:45:00,17:45:00,43008,1,,0,0,,1
8567787,18:15:00,18:15:00,43003,2,,0,0,,1
8599234,17:45:00,17:45:00,43008,1,,0,0,,1
8599234,18:15:00,18:15:00,43003,2,,0,0,,1
8599235,8:15:00,8:15:00,43003,1,,0,0,,1
8599235,8:45:00,8:45:00,43008,2,,0,0,,1
8567788,8:15:00,8:15:00,43003,1,,0,0,,1
8567788,8:45:00,8:45:00,43008,2,,0,0,,1
8758829,8:15:00,8:15:00,43003,1,,0,0,,1
8758829,8:45:00,8:45:00,43008,2,,0,0,,1
8567789,10:55:00,10:55:00,43003,1,,0,0,,1
8567789,11:25:00,11:25:00,43008,2,,0,0,,1
8758830,10:55:00,10:55:00,43003,1,,0,0,,1
8758830,11:25:00,11:25:00,43008,2,,0,0,,1
8599236,10:55:00,10:55:00,43003,1,,0,0,,1
8599236,11:25:00,11:25:00,43008,2,,0,0,,1
8599299,13:25:00,13:25:00,43003,1,,0,0,,1
8599299,13:55:00,13:55:00,43008,2,,0,0,,1
8567852,13:25:00,13:25:00,43003,1,,0,0,,1
8567852,13:55:00,13:55:00,43008,2,,0,0,,1
8567879,13:25:00,13:25:00,43003,1,,0,0,,1
8567879,13:55:00,13:55:00,43008,2,,0,0,,1
8599326,13:25:00,13:25:00,43003,1,,0,0,,1
8599326,13:55:00,13:55:00,43008,2,,0,0,,1
8758909,13:25:00,13:25:00,43003,1,,0,0,,1
8758909,13:55:00,13:55:00,43008,2,,0,0,,1
8758967,13:25:00,13:25:00,43003,1,,0,0,,1
8758967,13:55:00,13:55:00,43008,2,,0,0,,1
8567790,13:35:00,13:35:00,43003,1,,0,0,,1
8567790,14:05:00,14:05:00,43008,2,,0,0,,1
8599237,13:35:00,13:35:00,43003,1,,0,0,,1
8599237,14:05:00,14:05:00,43008,2,,0,0,,1
8758831,13:35:00,13:35:00,43003,1,,0,0,,1
8758831,14:05:00,14:05:00,43008,2,,0,0,,1
8567878,15:10:00,15:10:00,43003,1,,0,0,,1
8567878,15:40:00,15:40:00,43008,2,,0,0,,1
8567847,15:10:00,15:10:00,43003,1,,0,0,,1
8567847,15:40:00,15:40:00,43008,2,,0,0,,1
8758904,15:10:00,15:10:00,43003,1,,0,0,,1
8758904,15:40:00,15:40:00,43008,2,,0,0,,1
8599325,15:10:00,15:10:00,43003,1,,0,0,,1
8599325,15:40:00,15:40:00,43008,2,,0,0,,1
8599294,15:10:00,15:10:00,43003,1,,0,0,,1
8599294,15:40:00,15:40:00,43008,2,,0,0,,1
8758966,15:10:00,15:10:00,43003,1,,0,0,,1
8758966,15:40:00,15:40:00,43008,2,,0,0,,1
8599238,15:35:00,15:35:00,43003,1,,0,0,,1
8599238,16:05:00,16:05:00,43008,2,,0,0,,1
8758832,15:35:00,15:35:00,43003,1,,0,0,,1
8758832,16:05:00,16:05:00,43008,2,,0,0,,1
8567791,15:35:00,15:35:00,43003,1,,0,0,,1
8567791,16:05:00,16:05:00,43008,2,,0,0,,1
8599324,16:50:00,16:50:00,43003,1,,0,0,,1
8599324,17:20:00,17:20:00,43008,2,,0,0,,1
8599295,16:50:00,16:50:00,43003,1,,0,0,,1
8599295,17:20:00,17:20:00,43008,2,,0,0,,1
8567848,16:50:00,16:50:00,43003,1,,0,0,,1
8567848,17:20:00,17:20:00,43008,2,,0,0,,1
8567877,16:50:00,16:50:00,43003,1,,0,0,,1
8567877,17:20:00,17:20:00,43008,2,,0,0,,1
8758965,16:50:00,16:50:00,43003,1,,0,0,,1
8758965,17:20:00,17:20:00,43008,2,,0,0,,1
8758905,16:50:00,16:50:00,43003,1,,0,0,,1
8758905,17:20:00,17:20:00,43008,2,,0,0,,1
8599239,17:05:00,17:05:00,43003,1,,0,0,,1
8599239,17:35:00,17:35:00,43008,2,,0,0,,1
8758833,17:05:00,17:05:00,43003,1,,0,0,,1
8758833,17:35:00,17:35:00,43008,2,,0,0,,1
8567792,17:05:00,17:05:00,43003,1,,0,0,,1
8567792,17:35:00,17:35:00,43008,2,,0,0,,1
8758840,7:40:00,7:40:00,43000,1,,0,0,,1
8758840,8:10:00,8:10:00,43003,2,,0,0,,1
8723648,7:40:00,7:40:00,43000,1,,0,0,,1
8723648,8:10:00,8:10:00,43003,2,,0,0,,1
8567795,7:40:00,7:40:00,43000,1,,0,0,,1
8567795,8:10:00,8:10:00,43003,2,,0,0,,1
8758906,10:15:00,10:15:00,43000,1,,0,0,,1
8758906,11:25:00,11:25:00,43003,2,,0,0,,1
8758968,10:15:00,10:15:00,43000,1,,0,0,,1
8758968,11:25:00,11:25:00,43003,2,,0,0,,1
8599296,10:15:00,10:15:00,43000,1,,0,0,,1
8599296,11:25:00,11:25:00,43003,2,,0,0,,1
8599327,10:15:00,10:15:00,43000,1,,0,0,,1
8599327,11:25:00,11:25:00,43003,2,,0,0,,1
8567849,10:15:00,10:15:00,43000,1,,0,0,,1
8567849,11:25:00,11:25:00,43003,2,,0,0,,1
8567880,10:15:00,10:15:00,43000,1,,0,0,,1
8567880,11:25:00,11:25:00,43003,2,,0,0,,1
8758839,19:15:00,19:15:00,43000,1,,0,0,,1
8758839,19:45:00,19:45:00,43003,2,,0,0,,1
8599246,19:15:00,19:15:00,43000,1,,0,0,,1
8599246,19:45:00,19:45:00,43003,2,,0,0,,1
8567799,19:15:00,19:15:00,43000,1,,0,0,,1
8567799,19:45:00,19:45:00,43003,2,,0,0,,1
8758835,7:05:00,7:05:00,43003,1,,0,0,,1
8758835,7:35:00,7:35:00,43000,2,,0,0,,1
8599241,7:05:00,7:05:00,43003,1,,0,0,,1
8599241,7:35:00,7:35:00,43000,2,,0,0,,1
8567794,7:05:00,7:05:00,43003,1,,0,0,,1
8567794,7:35:00,7:35:00,43000,2,,0,0,,1
8758911,11:45:00,11:45:00,43003,1,,0,0,,1
8758911,12:15:00,12:15:00,43000,2,,0,0,,1
8758964,11:45:00,11:45:00,43003,1,,0,0,,1
8758964,12:15:00,12:15:00,43000,2,,0,0,,1
8599301,11:45:00,11:45:00,43003,1,,0,0,,1
8599301,12:15:00,12:15:00,43000,2,,0,0,,1
8599323,11:45:00,11:45:00,43003,1,,0,0,,1
8599323,12:15:00,12:15:00,43000,2,,0,0,,1
8567854,11:45:00,11:45:00,43003,1,,0,0,,1
8567854,12:15:00,12:15:00,43000,2,,0,0,,1
8567876,11:45:00,11:45:00,43003,1,,0,0,,1
8567876,12:15:00,12:15:00,43000,2,,0,0,,1
8758834,18:35:00,18:35:00,43003,1,,0,0,,1
8758834,19:05:00,19:05:00,43000,2,,0,0,,1
8599240,18:35:00,18:35:00,43003,1,,0,0,,1
8599240,19:05:00,19:05:00,43000,2,,0,0,,1
8567793,18:35:00,18:35:00,43003,1,,0,0,,1
8567793,19:05:00,19:05:00,43000,2,,0,0,,1
8567753,9:20:00,9:20:00,43008,1,,0,0,,1
8567753,9:50:00,9:50:00,43002,2,,0,0,,1
8599200,9:25:00,9:25:00,43008,1,,0,0,,1
8599200,9:55:00,9:55:00,43002,2,,0,0,,1
8758886,9:25:00,9:25:00,43008,1,,0,0,,1
8758886,9:55:00,9:55:00,43002,2,,0,0,,1
8599195,10:55:00,10:55:00,43008,1,,0,0,,1
8599195,11:25:00,11:25:00,43002,2,,0,0,,1
8567748,10:55:00,10:55:00,43008,1,,0,0,,1
8567748,11:25:00,11:25:00,43002,2,,0,0,,1
8758881,10:55:00,10:55:00,43008,1,,0,0,,1
8758881,11:25:00,11:25:00,43002,2,,0,0,,1
8567875,11:40:00,11:40:00,43008,1,,0,0,,1
8567875,12:10:00,12:10:00,43002,2,,0,0,,1
8567823,11:40:00,11:40:00,43008,1,,0,0,,1
8567823,12:10:00,12:10:00,43002,2,,0,0,,1
8599322,11:55:00,11:55:00,43008,1,,0,0,,1
8599322,12:25:00,12:25:00,43002,2,,0,0,,1
8758977,11:55:00,11:55:00,43008,1,,0,0,,1
8758977,12:25:00,12:25:00,43002,2,,0,0,,1
8599270,11:55:00,11:55:00,43008,1,,0,0,,1
8599270,12:25:00,12:25:00,43002,2,,0,0,,1
8758928,11:55:00,11:55:00,43008,1,,0,0,,1
8758928,12:25:00,12:25:00,43002,2,,0,0,,1
8599193,14:00:00,14:00:00,43008,1,,0,0,,1
8599193,14:30:00,14:30:00,43002,2,,0,0,,1
8758879,14:00:00,14:00:00,43008,1,,0,0,,1
8758879,14:30:00,14:30:00,43002,2,,0,0,,1
8567746,14:00:00,14:00:00,43008,1,,0,0,,1
8567746,14:30:00,14:30:00,43002,2,,0,0,,1
8599271,14:25:00,14:25:00,43008,1,,0,0,,1
8599271,15:20:00,15:20:00,43002,2,,0,0,,1
8599320,14:25:00,14:25:00,43008,1,,0,0,,1
8599320,15:20:00,15:20:00,43002,2,,0,0,,1
8758975,14:25:00,14:25:00,43008,1,,0,0,,1
8758975,15:20:00,15:20:00,43002,2,,0,0,,1
8567824,14:25:00,14:25:00,43008,1,,0,0,,1
8567824,15:20:00,15:20:00,43002,2,,0,0,,1
8567873,14:25:00,14:25:00,43008,1,,0,0,,1
8567873,15:20:00,15:20:00,43002,2,,0,0,,1
8758929,14:25:00,14:25:00,43008,1,,0,0,,1
8758929,15:20:00,15:20:00,43002,2,,0,0,,1
8758880,15:30:00,15:30:00,43008,1,,0,0,,1
8758880,16:25:00,16:25:00,43002,2,,0,0,,1
8599194,15:30:00,15:30:00,43008,1,,0,0,,1
8599194,16:25:00,16:25:00,43002,2,,0,0,,1
8567747,15:35:00,15:35:00,43008,1,,0,0,,1
8567747,16:25:00,16:25:00,43002,2,,0,0,,1
8567752,10:05:00,10:05:00,43002,1,,0,0,,1
8567752,10:35:00,10:35:00,43008,2,,0,0,,1
8599199,10:10:00,10:10:00,43002,1,,0,0,,1
8599199,10:40:00,10:40:00,43008,2,,0,0,,1
8758885,10:10:00,10:10:00,43002,1,,0,0,,1
8758885,10:40:00,10:40:00,43008,2,,0,0,,1
8599198,11:35:00,11:35:00,43002,1,,0,0,,1
8599198,12:20:00,12:20:00,43008,2,,0,0,,1
8567751,11:35:00,11:35:00,43002,1,,0,0,,1
8567751,12:20:00,12:20:00,43008,2,,0,0,,1
8758884,11:35:00,11:35:00,43002,1,,0,0,,1
8758884,12:20:00,12:20:00,43008,2,,0,0,,1
8567870,12:25:00,12:25:00,43002,1,,0,0,,1
8567870,13:25:00,13:25:00,43008,2,,0,0,,1
8567827,12:25:00,12:25:00,43002,1,,0,0,,1
8567827,13:25:00,13:25:00,43008,2,,0,0,,1
8599317,12:35:00,12:35:00,43002,1,,0,0,,1
8599317,13:35:00,13:35:00,43008,2,,0,0,,1
8758932,12:35:00,12:35:00,43002,1,,0,0,,1
8758932,13:35:00,13:35:00,43008,2,,0,0,,1
8599274,12:35:00,12:35:00,43002,1,,0,0,,1
8599274,13:35:00,13:35:00,43008,2,,0,0,,1
8758972,12:35:00,12:35:00,43002,1,,0,0,,1
8758972,13:35:00,13:35:00,43008,2,,0,0,,1
8599196,14:45:00,14:45:00,43002,1,,0,0,,1
8599196,15:15:00,15:15:00,43008,2,,0,0,,1
8758882,14:45:00,14:45:00,43002,1,,0,0,,1
8758882,15:15:00,15:15:00,43008,2,,0,0,,1
8567749,14:50:00,14:50:00,43002,1,,0,0,,1
8567749,15:20:00,15:20:00,43008,2,,0,0,,1
8758973,15:35:00,15:35:00,43002,1,,0,0,,1
8758973,16:05:00,16:05:00,43008,2,,0,0,,1
8567828,15:35:00,15:35:00,43002,1,,0,0,,1
8567828,16:05:00,16:05:00,43008,2,,0,0,,1
8758933,15:35:00,15:35:00,43002,1,,0,0,,1
8758933,16:05:00,16:05:00,43008,2,,0,0,,1
8567871,15:35:00,15:35:00,43002,1,,0,0,,1
8567871,16:05:00,16:05:00,43008,2,,0,0,,1
8599275,15:35:00,15:35:00,43002,1,,0,0,,1
8599275,16:05:00,16:05:00,43008,2,,0,0,,1
8599318,15:35:00,15:35:00,43002,1,,0,0,,1
8599318,16:05:00,16:05:00,43008,2,,0,0,,1
8758883,16:35:00,16:35:00,43002,1,,0,0,,1
8758883,17:05:00,17:05:00,43008,2,,0,0,,1
8599197,16:35:00,16:35:00,43002,1,,0,0,,1
8599197,17:05:00,17:05:00,43008,2,,0,0,,1
8567750,16:35:00,16:35:00,43002,1,,0,0,,1
8567750,17:05:00,17:05:00,43008,2,,0,0,,1
8758930,10:15:00,10:15:00,43000,1,,0,0,,1
8758930,10:45:00,10:45:00,43002,2,,0,0,,1
8758976,10:15:00,10:15:00,43000,1,,0,0,,1
8758976,10:45:00,10:45:00,43002,2,,0,0,,1
8599272,10:15:00,10:15:00,43000,1,,0,0,,1
8599272,10:45:00,10:45:00,43002,2,,0,0,,1
8599321,10:15:00,10:15:00,43000,1,,0,0,,1
8599321,10:45:00,10:45:00,43002,2,,0,0,,1
8567825,10:15:00,10:15:00,43000,1,,0,0,,1
8567825,10:45:00,10:45:00,43002,2,,0,0,,1
8567874,10:15:00,10:15:00,43000,1,,0,0,,1
8567874,10:45:00,10:45:00,43002,2,,0,0,,1
8758931,11:05:00,11:05:00,43002,1,,0,0,,1
8758931,12:15:00,12:15:00,43000,2,,0,0,,1
8758974,11:05:00,11:05:00,43002,1,,0,0,,1
8758974,12:15:00,12:15:00,43000,2,,0,0,,1
8599273,11:05:00,11:05:00,43002,1,,0,0,,1
8599273,12:15:00,12:15:00,43000,2,,0,0,,1
8599319,11:05:00,11:05:00,43002,1,,0,0,,1
8599319,12:15:00,12:15:00,43000,2,,0,0,,1
8567826,11:05:00,11:05:00,43002,1,,0,0,,1
8567826,12:15:00,12:15:00,43000,2,,0,0,,1
8567872,11:05:00,11:05:00,43002,1,,0,0,,1
8567872,12:15:00,12:15:00,43000,2,,0,0,,1