shape_id,shape_pt_lon,shape_pt_lat,shape_pt_sequence,shape_dist_traveled
p_1275834,-122.39107,37.79472,1,0.00000000
p_1275834,-122.3888269533,37.7968939065,2,311.84705983
p_1275834,-122.3877070958,37.7983558977,3,501.74026109
p_1275834,-122.3877936683,37.8003610002,4,724.42252948
p_1275834,-122.390190258,37.8031264048,5,1096.92752438
p_1275834,-122.4019766888,37.811677565,6,2503.38711922
p_1275834,-122.4055820008,37.8135486702,7,2882.75021890
p_1275834,-122.4096723038,37.813907394,8,3245.11250663
p_1275834,-122.4121404076,37.8131533108,9,3477.99989342
p_1275834,-122.4132777754,37.8120949025,10,3632.37245699
p_1275834,-122.4133278653,37.8110660148,11,3746.65684188
p_1275834,-122.413110809,37.810657094,12,3795.90450461
p_1275834,-122.412272,37.809594,13,3935.11278675
p_1275835,-122.412272,37.809594,1,0.00000000
p_1275835,-122.4133856498,37.8108873146,2,173.84820586
p_1275835,-122.4132467827,37.8121063084,3,309.69933274
p_1275835,-122.4124290099,37.8130402556,4,435.91767672
p_1275835,-122.4094177676,37.8138147862,5,714.65908136
p_1275835,-122.4051460053,37.8133168746,6,1094.84449455
p_1275835,-122.3998717052,37.8108341027,7,1634.87988441
p_1275835,-122.390511665,37.8036304429,8,2783.22500158
p_1275835,-122.3883539425,37.8009341847,9,3137.72378417
p_1275835,-122.3874877539,37.7987467146,10,3392.21948043
p_1275835,-122.3890381821,37.796704854,11,3656.80982879
p_1275835,-122.39107,37.79472,12,3940.63770072
p_1276395,-122.2984651189,37.7771650761,1,0.00000000
p_1276395,-122.3042349701,37.77737588,2,508.84735277
p_1276395,-122.3055243709,37.7768275752,3,637.71571013
p_1276395,-122.3063613584,37.7763393682,4,729.22209533
p_1276395,-122.3079612173,37.7752900126,5,912.06404595
p_1276395,-122.3110352151,37.7748406172,6,1187.43851109
p_1276395,-122.3134122109,37.774770997,7,1396.99523229
p_1276395,-122.3214341712,37.7755010033,8,2108.35920899
p_1276395,-122.3295797234,37.7760653384,9,2828.70432981
p_1276395,-122.3378663965,37.7773249816,10,3572.01176311
p_1276395,-122.3416950072,37.7780140518,11,3917.86329676
p_1276395,-122.3559168195,37.7809810189,12,5213.28712260
p_1276395,-122.3644665961,37.7834410896,13,6014.41805955
p_1276395,-122.3677989362,37.7846044939,14,6335.10848088
p_1276395,-122.3720723084,37.7860937186,15,6746.23237379
p_1276395,-122.376494729,37.7878716971,16,7182.91928044
p_1276395,-122.3794519076,37.7896407931,17,7509.11771389
p_1276395,-122.3816833291,37.7912826655,18,7777.14896559
p_1276395,-122.3857955935,37.7947505041,19,8305.67750032
p_1276395,-122.3865000009,37.7953398509,20,8395.83315688
p_1276395,-122.387382067,37.7956695177,21,8481.70748907
p_1276395,-122.3884126371,37.7956691917,22,8572.47558735
p_1276395,-122.3891780457,37.7955176161,23,8641.95704021
p_1276395,-122.3898286531,37.795385608,24,8701.10338528
p_1276395,-122.3912494905,37.794760351,25,8844.20040293
p_1276399,-122.39125,37.79476,1,0.00000000
p_1276399,-122.38982,37.79539,2,144.05809430
p_1276399,-122.38917,37.79552,3,203.09774557
p_1276399,-122.38841,37.79567,4,272.07468358
p_1276399,-122.38738,37.79567,5,362.79255465
p_1276399,-122.38649,37.79534,6,449.31522393
p_1276399,-122.38579,37.79475,7,539.25695644
p_1276399,-122.38167,37.79128,8,1068.42724069
p_1276399,-122.37945,37.78964,9,1335.58000210
p_1276399,-122.37649,37.78787,10,1662.03729828
p_1276399,-122.37202,37.78608,11,2103.06649061
p_1276399,-122.36771,37.78458,12,2517.62556962
p_1276399,-122.36446,37.78344,13,2830.63122097
p_1276399,-122.35591,37.78098,14,3631.77799076
p_1276399,-122.34168,37.77801,15,4927.98504205
p_1276399,-122.33784,37.77732,16,5274.83795946
p_1276399,-122.32956,37.77606,17,6017.57551577
p_1276399,-122.32143,37.7755,18,6736.51396700
p_1276399,-122.31341,37.77477,19,7447.70629948
p_1276399,-122.31103,37.77484,20,7657.52907100
p_1276399,-122.30796,37.77529,21,7932.56934055
p_1276399,-122.30636,37.77634,22,8115.46644257
p_1276399,-122.30552,37.77683,23,8207.30453029
p_1276399,-122.30475,37.77756,24,8312.97641184
p_1276399,-122.29832,37.77717,25,8881.09374369
p_1303747,-122.2940330487,37.7907565121,1,0.00000000
p_1303747,-122.2941782994,37.7915026105,2,83.79380517
p_1303747,-122.2946533991,37.7917059214,3,131.33740541
p_1303747,-122.2955122686,37.7917080958,4,206.98728590
p_1303747,-122.3028551884,37.7915664192,5,853.94566192
p_1303747,-122.3081153904,37.7926301931,6,1332.07127698
p_1303747,-122.3143452393,37.7939009393,7,1898.62394271
p_1303747,-122.3213274842,37.7956474608,8,2543.42608045
p_1303747,-122.3272382912,37.7970940471,9,3088.21658114
p_1303747,-122.3314217718,37.7979913107,10,3469.89173394
p_1303747,-122.3337824502,37.7982038189,11,3679.13674894
p_1303747,-122.3352765504,37.7977079655,12,3821.77204263
p_1303747,-122.3386691574,37.7958661949,13,4183.80937467
p_1303747,-122.3431676025,37.7895040616,14,4993.52333206
p_1303747,-122.3478669537,37.7800089244,15,6125.79640703
p_1303747,-122.3509327316,37.7693557297,16,7338.67450165
p_1303747,-122.351777787,37.7494748349,17,9546.54946258
p_1303747,-122.3507984079,37.7344838853,18,11212.65663073
p_1303747,-122.3495478864,37.7210924304,19,12703.07471851
p_1303747,-122.3528824093,37.6953911077,20,15570.80324054
p_1303747,-122.3565334775,37.6800255374,21,17306.37562657
p_1303747,-122.3573922303,37.6774318537,22,17604.05019260
p_1303747,-122.3612600213,37.6689288077,23,18607.59670086
p_1303747,-122.3633734813,37.6658736614,24,18994.57515060
p_1303747,-122.365058307,37.6644321875,25,19212.96526804
p_1303747,-122.37724,37.664,26,20288.84336728
p_1303747,-122.3772606764,37.662758738,27,20426.62326264
p_1303753,-122.3907559433,37.7943716899,1,0.00000000
p_1303753,-122.3903821998,37.7946421192,2,44.54824892
p_1303753,-122.3903101529,37.7954107022,3,130.09096392
p_1303753,-122.3896662335,37.7956064049,4,190.82210498
p_1303753,-122.3870078119,37.7967604986,5,457.71218534
p_1303753,-122.3864539511,37.7969241743,6,509.76604052
p_1303753,-122.3856884525,37.7969739886,7,577.41296227
p_1303753,-122.3854452941,37.7969561978,8,598.91975270
p_1303753,-122.3822069777,37.7966608698,9,886.00950945
p_1303753,-122.3791539891,37.7963655406,10,1156.89089686
p_1303753,-122.3767507788,37.7959340071,11,1373.90536226
p_1303753,-122.3743635333,37.7953076941,12,1595.35741939
p_1303753,-122.3724719127,37.7948069071,13,1770.99179726
p_1303753,-122.3714448762,37.7945793632,14,1864.90935413
p_1303753,-122.3690715006,37.7940576391,15,2081.82206900
p_1303753,-122.3668001381,37.7937430285,16,2284.90315901
p_1303753,-122.364022183,37.7933849789,17,2532.78655093
p_1303753,-122.3608634358,37.7929655471,18,2814.87247357
p_1303753,-122.3587374679,37.7927941365,19,3003.08944439
p_1303753,-122.3568215065,37.7928998474,20,3172.25271617
p_1303753,-122.3538560003,37.7934499203,21,3440.49092839
p_1303753,-122.3507705701,37.7943508369,22,3730.06166639
p_1303753,-122.3477849991,37.7952615804,23,4011.78100367
p_1303753,-122.3467622739,37.7954884874,24,4105.31303218
p_1303753,-122.3447616294,37.7959398255,25,4288.50348195
p_1303753,-122.3419113488,37.7964152196,26,4545.02731913
p_1303753,-122.3391528121,37.7967767932,27,4791.27630447
p_1303753,-122.3375774392,37.7971228691,28,4935.24471249
p_1303753,-122.335401152,37.7978773726,29,5144.41374789
p_1303753,-122.333113266,37.798404226,30,5354.22766973
p_1303753,-122.3317982074,37.7984098456,31,5470.04965509
p_1303753,-122.3297767918,37.7982070252,32,5649.49834636
p_1303753,-122.3279251938,37.7977904167,33,5819.00291125
p_1303753,-122.3262242343,37.7974829185,34,5972.65060984
p_1303753,-122.3255589143,37.7973192496,35,6033.99899260
p_1303753,-122.3221189845,37.7963915081,36,6353.98895859
p_1303753,-122.3199598329,37.7956574641,37,6560.87459661
p_1303753,-122.3194889684,37.7955432948,38,6604.23911470
p_1303753,-122.3153766487,37.7944653937,39,6985.68518022
p_1303753,-122.3126126057,37.7937794799,40,7240.76125163
p_1303753,-122.3087211116,37.7930652498,41,7592.56535979
p_1303753,-122.3055577035,37.7924898927,42,7878.41984658
p_1303753,-122.3023569383,37.7920226895,43,8165.07161130
p_1303753,-122.2993666874,37.7917561834,44,8430.10903973
p_1303753,-122.298799377,37.7917328948,45,8480.14470469
p_1303753,-122.2965553858,37.7916482279,46,8678.01945515
p_1303753,-122.2952323161,37.7917357407,47,8794.95996527
p_1303753,-122.2944920965,37.791846283,48,8861.30307229
p_1303753,-122.2943288984,37.7917541644,49,8878.94298794
p_1303753,-122.2940346735,37.7909170775,50,8975.40000978
p_1304108,-122.2940335099,37.7909145631,1,0.00000000
p_1304108,-122.2942480745,37.7918676016,2,107.45517470
p_1304108,-122.2938263442,37.7919553039,3,145.85549233
p_1304108,-122.293301031,37.7920313125,4,192.88788112
p_1304108,-122.291253153,37.7923396427,5,376.48219625
p_1304108,-122.2897659988,37.7925501267,6,509.53695186
p_1304108,-122.2878674107,37.7928496557,7,680.03560521
p_1304108,-122.2860399127,37.793130299,8,843.98567560
p_1304108,-122.2832300263,37.7934185197,9,1093.53506143
p_1304108,-122.2819783292,37.7935668359,10,1205.00454863
p_1304108,-122.2803431994,37.793730543,11,1350.16522237
p_1304108,-122.2800694446,37.7939059431,12,1381.15525654
p_1304108,-122.2800472483,37.7941515026,13,1408.48055907
p_1304108,-122.2800768434,37.7942918219,14,1424.27159218
p_1304108,-122.2801396657,37.7944692667,15,1444.72915447
p_1304108,-122.279777,37.795032,16,1514.88235719
p_1304110,-122.279777,37.795032,1,0.00000000
p_1304110,-122.2801502526,37.7944401138,2,73.46146635
p_1304110,-122.2800477321,37.7941700694,3,104.76502065
p_1304110,-122.2800646373,37.7939183139,4,132.74765080
p_1304110,-122.2803608076,37.7937172795,5,167.07498245
p_1304110,-122.2832181413,37.7934058688,6,421.10597062
p_1304110,-122.28613136,37.7931140528,7,679.73396387
p_1304110,-122.287710318,37.7928637751,8,821.55387628
p_1304110,-122.2931448359,37.7920467399,9,1308.73753851
p_1304110,-122.2941402351,37.7918948205,10,1398.01905078
p_1304110,-122.2939864395,37.7908685119,11,1512.73427344
p_1304623,-122.41209,37.80933,1,0.00000000
p_1304623,-122.4133055111,37.8109709673,2,211.25840300
p_1304623,-122.4133486482,37.8120103992,3,326.69049188
p_1304623,-122.4123564937,37.8131179745,4,477.50534599
p_1304623,-122.4097682646,37.8139699441,5,724.24962284
p_1304623,-122.4076976813,37.8137825117,6,907.75578055
p_1304623,-122.4055408236,37.8134417241,7,1101.40639325
p_1304623,-122.4023918115,37.8123000743,8,1406.27470782
p_1304623,-122.3987682907,37.8101189631,9,1806.79514878
p_1304623,-122.3947693865,37.8070995265,10,2292.92454732
p_1304623,-122.3915218031,37.8042305499,11,2720.93632619
p_1304623,-122.3880159787,37.8008735053,12,3204.83955176
p_1304623,-122.3875199014,37.7992033393,13,3395.29462872
p_1304623,-122.3878865672,37.7979251256,14,3540.79585166
p_1304623,-122.3894610733,37.7963741965,15,3761.84542847
p_1304623,-122.391612,37.795106,16,3997.85926002
p_1425731,-122.279777,37.795032,1,0.00000000
p_1425731,-122.2803635715,37.7942926701,2,96.96890418
p_1425731,-122.282767788,37.7938071658,3,315.47533717
p_1425731,-122.2841093404,37.793639996,4,435.08440339
p_1425731,-122.2852244487,37.7935351605,5,533.98786381
p_1425731,-122.2862221797,37.7934448158,6,622.43646402
p_1425731,-122.2876662131,37.7932801546,7,750.93091966
p_1425731,-122.2888447493,37.7930950732,8,856.74784373
p_1425731,-122.2900120465,37.792818429,9,964.04917674
p_1425731,-122.2912803605,37.7924824579,10,1081.82078970
p_1425731,-122.2924603319,37.7922516446,11,1188.86297277
p_1425731,-122.2935595116,37.7920706024,12,1287.74179545
p_1425731,-122.2953993156,37.7918556567,13,1451.53849618
p_1425731,-122.2965545227,37.7917827835,14,1553.61031029
p_1425731,-122.2992831093,37.7918838853,15,1794.20647784
p_1425731,-122.3003791471,37.7919732832,16,1891.25412517
p_1425731,-122.3016962416,37.7920877044,17,2007.95678740
p_1425731,-122.3029584279,37.7922241049,18,2120.15597661
p_1425731,-122.3050247701,37.792512581,19,2304.95338402
p_1425731,-122.3064622402,37.7927604322,20,2434.51874466
p_1425731,-122.3079107233,37.7930103277,21,2565.07976129
p_1425731,-122.3094090909,37.7932739457,22,2700.25852059
p_1425731,-122.3108793831,37.7935497617,23,2833.32860516
p_1425731,-122.3125262855,37.7938627463,24,2982.48614282
p_1425731,-122.3151850754,37.7945237994,25,3227.89058005
p_1425731,-122.3194804754,37.7956512983,26,3626.37428273
p_1425731,-122.320508199,37.7959594954,27,3723.13959184
p_1425731,-122.3221162994,37.7965092341,28,3877.35719284
p_1425731,-122.3254252652,37.7974191928,29,4185.79609898
p_1425731,-122.326189118,37.7976239321,30,4256.80558815
p_1425731,-122.3278098145,37.7978916069,31,4402.60453186
p_1425731,-122.3297094834,37.7983272325,32,4576.76002630
p_1425731,-122.3317651554,37.7985328846,33,4759.24107264
p_1425731,-122.3331569284,37.7985328846,34,4881.81758792
p_1425731,-122.33544942,37.7980333916,35,5091.19623188
p_1425731,-122.3376089742,37.7972809302,36,5298.92403904
p_1425731,-122.3391308822,37.7969478112,37,5437.97035380
p_1425731,-122.3427044116,37.796444726,38,5757.62167262
p_1425731,-122.3446883081,37.7961313303,39,5935.78182939
p_1425731,-122.3477718173,37.7954061547,40,6219.03974573
p_1425731,-122.3522102923,37.7940775249,41,6636.85569923
p_1425731,-122.3538915984,37.7935905107,42,6794.49870750
p_1425731,-122.3568493382,37.7930608348,43,7061.56287721
p_1425731,-122.3586904097,37.7929479385,44,7224.20560416
p_1425731,-122.3608209542,37.7931114905,45,7412.73726001
p_1425731,-122.3644046703,37.7935732814,46,7732.51949808
p_1425731,-122.3685182779,37.7941366917,47,8100.19380443
p_1425731,-122.3708220986,37.7946708036,48,8311.59022525
p_1425731,-122.3743142856,37.7955276,49,8633.53491594
p_1425731,-122.3767151641,37.796167409,50,8856.59907654
p_1425731,-122.3790742872,37.7965629015,51,9068.96465516
p_1425731,-122.3840168583,37.7970079804,52,9507.07211568
p_1425731,-122.3856801937,37.7971637574,53,9654.58538333
p_1425731,-122.3865461997,37.7970914324,54,9731.27916743
p_1425731,-122.3870638466,37.7969375257,55,9779.96564569
p_1425731,-122.3882354798,37.7964063861,56,9898.80911237
p_1425731,-122.389654678,37.7957139615,57,10045.54206744
p_1425731,-122.3897962292,37.7956534318,58,10059.70424527
p_1425731,-122.3906858295,37.7953560044,59,10144.72709371
p_1425731,-122.3910622973,37.7952421228,60,10180.21243319
p_1425731,-122.391612,37.795106,61,10230.93080043
p_1425732,-122.2984651189,37.7771650761,1,0.00000000
p_1425732,-122.3042349701,37.77737588,2,508.84735271
p_1425732,-122.3055243709,37.7768275752,3,637.71571015
p_1425732,-122.3063613584,37.7763393682,4,729.22209530
p_1425732,-122.3079612173,37.7752900126,5,912.06404596
p_1425732,-122.3110352151,37.7748406172,6,1187.43851102
p_1425732,-122.3134122109,37.774770997,7,1396.99523227
p_1425732,-122.3214341712,37.7755010033,8,2108.35920893
p_1425732,-122.3295797234,37.7760653384,9,2828.70432973
p_1425732,-122.3378663965,37.7773249816,10,3572.01176305
p_1425732,-122.3416950072,37.7780140518,11,3917.86329667
p_1425732,-122.3559168195,37.7809810189,12,5213.28712252
p_1425732,-122.3644665961,37.7834410896,13,6014.41805947
p_1425732,-122.3677989362,37.7846044939,14,6335.10848085
p_1425732,-122.3720723084,37.7860937186,15,6746.23237374
p_1425732,-122.376494729,37.7878716971,16,7182.91928039
p_1425732,-122.3794519076,37.7896407931,17,7509.11771384
p_1425732,-122.3816833291,37.7912826655,18,7777.14896550
p_1425732,-122.3857955935,37.7947505041,19,8305.67750028
p_1425732,-122.3865000009,37.7953398509,20,8395.83315681
p_1425732,-122.387382067,37.7956695177,21,8481.70748901
p_1425732,-122.3881405001,37.7956704822,22,8548.50703227
p_1425732,-122.3887882234,37.7955528992,23,8607.02946182
p_1425732,-122.3895497359,37.7952969824,24,8679.86723659
p_1425732,-122.3908451825,37.7945084766,25,8823.66537141
p_1425733,-122.2939860208,37.7908688816,1,0.00000000
p_1425733,-122.2943298497,37.7917594343,2,103.38006758
p_1425733,-122.2944904574,37.7918420324,3,120.23734295
p_1425733,-122.2952476083,37.7917352592,4,187.97214767
p_1425733,-122.2965656116,37.7916506463,5,304.44155712
p_1425733,-122.29668543,37.7916546755,6,315.00468448
p_1425733,-122.2983098817,37.791712867,7,458.23263130
p_1425733,-122.2992582322,37.7917451005,8,541.84019586
p_1425733,-122.3002005457,37.7918406103,9,625.51361114
p_1425733,-122.3022668628,37.7920176852,10,808.57303734
p_1425733,-122.3050692461,37.7924120653,11,1059.25744889
p_1425733,-122.3077417001,37.7928845614,12,1300.41639540
p_1425733,-122.3103095236,37.7933581432,13,1532.61462369
p_1425733,-122.3125752177,37.7937725708,14,1737.40540306
p_1425733,-122.3131659993,37.7939198135,15,1791.94622272
p_1425733,-122.3160158913,37.7946332734,16,2055.15187609
p_1425733,-122.3199666889,37.7956617039,17,2421.36746625
p_1425733,-122.3221550012,37.7964034392,18,2630.95018216
p_1425733,-122.3235207028,37.7967814797,19,2758.34224704
p_1425733,-122.3262848867,37.7975004516,20,3014.53977263
p_1425733,-122.3278582656,37.7977780275,21,3156.49595779
p_1425733,-122.3298162292,37.7982057653,22,3335.35535037
p_1425733,-122.3318087451,37.7984105325,23,3512.30678785
p_1425733,-122.3331390086,37.7984014318,24,3629.47057977
p_1425733,-122.335425219,37.7978690357,25,3839.31520784
p_1425733,-122.3375617028,37.7971318657,26,4044.50189974
p_1425733,-122.3391626259,37.7967814798,27,4190.76673843
p_1425733,-122.3416215978,37.7964538447,28,4410.37124336
p_1425733,-122.3447612024,37.7959350862,29,4692.82286068
p_1425733,-122.3478078969,37.7952479531,30,4971.79028782
p_1425733,-122.3512458506,37.7942149662,31,5295.57351977
p_1425733,-122.3538718253,37.7934459049,32,5542.11241740
p_1425733,-122.3548162547,37.7932775295,33,5627.36967017
p_1425733,-122.3568260468,37.7928952703,34,5809.40302305
p_1425733,-122.359031753,37.7928100895,35,6003.90922096
p_1425733,-122.3608169551,37.7929557124,36,6161.97642114
p_1425733,-122.3626239846,37.7932074058,37,6323.57027929
p_1425733,-122.3657183782,37.7936034705,38,6599.64165979
p_1425733,-122.3690240864,37.7940585363,39,6895.14966316
p_1425733,-122.3724274877,37.7947911865,40,7205.74552618
p_1425733,-122.3739721472,37.7952017851,41,7349.22377117
p_1425733,-122.3767663585,37.7959286771,42,7608.21313965
p_1425733,-122.3791656814,37.7963752253,43,7825.26814029
p_1425733,-122.3811238431,37.7965554898,44,7998.88927820
p_1425733,-122.3835448749,37.7967873599,45,8213.66771186
p_1425733,-122.3856684546,37.7969762407,46,8401.87149415
p_1425733,-122.3864688305,37.796927183,47,8472.57385558
p_1425733,-122.3870695272,37.7967386276,48,8529.46872124
p_1425733,-122.3891126625,37.7958401374,49,8735.20356678
p_1425733,-122.3911459552,37.794814036,50,8947.43468582
p_1425734,-122.3592469096,37.9094339605,1,0.00000000
p_1425734,-122.3602891717,37.9034276503,2,672.94036962
p_1425734,-122.3618744545,37.9022288967,3,865.66404445
p_1425734,-122.3650301033,37.902385257,4,1143.74184231
p_1425734,-122.3732207311,37.9030106948,5,1867.43160247
p_1425734,-122.3805413319,37.9038269972,6,2517.60446208
p_1425734,-122.3914255776,37.9049513143,7,3482.93470947
p_1425734,-122.39371577,37.9045325503,8,3689.64151419
p_1425734,-122.3943032743,37.9027474716,9,3894.40206663
p_1425734,-122.3894489185,37.8311712434,10,11850.40544073
p_1425734,-122.3896402602,37.8196847861,11,13125.43510422
p_1425734,-122.3885328577,37.8081321904,12,14411.39422534
p_1425734,-122.3870425383,37.8029175686,13,15004.87331618
p_1425734,-122.3862618948,37.7987680366,14,15470.54421053
p_1425734,-122.3875393115,37.7964127932,15,15755.14098712
p_1425734,-122.39079,37.79436,16,16121.04430654
p_1425735,-122.279777,37.795032,1,0.00000000
p_1425735,-122.2801551418,37.7944630126,2,71.39751822
p_1425735,-122.2803624501,37.7942929166,3,97.66207311
p_1425735,-122.2819944523,37.7939545707,4,246.22930994
p_1425735,-122.2837878825,37.7936725911,5,407.26143389
p_1425735,-122.2854644451,37.7935079655,6,556.05602364
p_1425735,-122.2874451128,37.7933047216,7,731.96232523
p_1425735,-122.2888289482,37.7930957066,8,856.03666760
p_1425735,-122.2913001117,37.79248097,9,1084.13830185
p_1425735,-122.2934355332,37.7920883544,10,1277.20760889
p_1425735,-122.2954565649,37.7918402171,11,1457.33802826
p_1425735,-122.2965253525,37.7917824979,12,1551.69477026
p_1425735,-122.2990659148,37.7918727298,13,1775.69192374
p_1425735,-122.3017377871,37.792089286,14,2012.25466239
p_1425735,-122.3022481752,37.7921339498,15,2057.48206113
p_1425735,-122.3051244666,37.7925269079,16,2314.55156307
p_1425735,-122.3113589783,37.7936431083,17,2877.48116713
p_1425735,-122.3125386143,37.7938457549,18,2983.78770841
p_1425735,-122.3177574113,37.7951776294,19,3466.63002093
p_1425735,-122.3215745262,37.7963204037,20,3825.95563212
p_1425735,-122.3221295332,37.7965248548,21,3879.84820858
p_1425735,-122.3238315077,37.7969976014,22,4038.66673273
p_1425735,-122.326164849,37.7976037761,23,4254.90597434
p_1425735,-122.3278115941,37.7978893873,24,4403.36404831
p_1425735,-122.3297196006,37.7983280565,25,4578.31882932
p_1425735,-122.3317623533,37.7985239663,26,4759.53811762
p_1425735,-122.3331519286,37.7985299369,27,4881.92288733
p_1425735,-122.3354533941,37.7980359027,28,5091.90474452
p_1425735,-122.3376088084,37.7972771869,29,5299.57928560
p_1425735,-122.3391883306,37.7969322093,30,5443.86725121
p_1425735,-122.3432468868,37.796352984,31,5807.05771950
p_1425735,-122.3448432168,37.7960931829,32,5950.58103356
p_1425735,-122.3478884814,37.7953776605,33,6230.30506598
p_1425735,-122.3525279706,37.7939821072,34,6667.30884408
p_1425735,-122.3539058115,37.7935849476,35,6796.42423659
p_1425735,-122.3568452005,37.7930496976,36,7062.04970764
p_1425735,-122.3587110736,37.792943657,37,7226.81443812
p_1425735,-122.3608261557,37.7931102921,38,7414.02406363
p_1425735,-122.3651975636,37.7936862001,39,7804.32025411
p_1425735,-122.3685079323,37.7941457035,40,8100.31685423
p_1425735,-122.369045148,37.7942269353,41,8148.48474581
p_1425735,-122.3719014674,37.7949086101,42,8411.19169826
p_1425735,-122.375092222,37.7957435755,43,8707.10708322
p_1425735,-122.3766560147,37.7961603725,44,8852.40013859
p_1425735,-122.3790075259,37.7965542196,45,9064.07205699
p_1425735,-122.3806177999,37.7966956,46,9206.76158050
p_1425735,-122.3836686912,37.7969694984,47,9477.18072583
p_1425735,-122.3856711872,37.7971568022,48,9654.76950187
p_1425735,-122.3865018841,37.7971012603,49,9728.19145854
p_1425735,-122.387070592,37.7969346342,50,9781.58512687
p_1425735,-122.3882207877,37.796409507,51,9898.45868854
p_1425735,-122.3897288221,37.7956773524,52,10054.16690720
p_1425735,-122.3901739317,37.7955198547,53,10097.09113807
p_1425735,-122.3911798507,37.7948357458,54,10213.77463864
p_1425744,-122.256966,37.736528,1,0.00000000
p_1425744,-122.2573599228,37.7362382865,2,47.32501027
p_1425744,-122.2580898549,37.7360270946,3,115.80268199
p_1425744,-122.2588375902,37.7360552536,4,181.78687757
p_1425744,-122.260030406,37.736421319,5,294.50628967
p_1425744,-122.2615792863,37.7370971273,6,450.28151064
p_1425744,-122.2642888356,37.7390652641,7,773.94614637
p_1425744,-122.2718287772,37.744780336,8,1692.64944825
p_1425744,-122.2755616888,37.7474664284,9,2136.63530119
p_1425744,-122.279674233,37.7501129142,10,2603.16223225
p_1425744,-122.2854193484,37.7529638355,11,3200.21526288
p_1425744,-122.292397825,37.7557460882,12,3888.37006489
p_1425744,-122.2992405128,37.7582559617,13,4552.59796795
p_1425744,-122.3076324011,37.7611835209,14,5360.31803913
p_1425744,-122.311648852,37.7625253171,15,5744.28912915
p_1425744,-122.3183991255,37.7650433634,16,6401.46926098
p_1425744,-122.3271079325,37.7681802831,17,7244.09947319
p_1425744,-122.3328863478,37.7702945771,18,7804.69899859
p_1425744,-122.336420793,37.7718815231,19,8162.46385676
p_1425744,-122.3403879135,37.7737656617,20,8569.76377620
p_1425744,-122.3466826499,37.7771141953,21,9237.35132199
p_1425744,-122.351543787,37.7801722546,22,9783.79537548
p_1425744,-122.3568925241,37.7838531503,23,10407.43365913
p_1425744,-122.3677320481,37.7909852302,24,11647.71266406
p_1425744,-122.3700968387,37.7928071088,25,11938.01595693
p_1425744,-122.3725478156,37.7943674218,26,12214.77474598
p_1425744,-122.3760299458,37.7955198837,27,12547.07464646
p_1425744,-122.3791321665,37.796176763,28,12829.86420359
p_1425744,-122.3859727128,37.7968490698,29,13436.94618525
p_1425744,-122.3908619938,37.7944283557,30,13944.51777083
p_1425745,-122.2626691015,38.100104287,1,0.00000000
p_1425745,-122.2637471883,38.0995903367,2,110.43775561
p_1425745,-122.2640958174,38.0992550193,3,158.60843640
p_1425745,-122.2642604478,38.0988206285,4,208.94104931
p_1425745,-122.2643088685,38.0984014771,5,255.65962090
p_1425745,-122.2640680039,38.0978744523,6,317.85680675
p_1425745,-122.2633950484,38.0970922179,7,422.84871284
p_1425745,-122.2615262136,38.0953398282,8,677.22631364
p_1425745,-122.2597481669,38.0937400963,9,913.56652012
p_1425745,-122.2579816955,38.0921854815,10,1145.49021340
p_1425745,-122.2563160165,38.0902383519,11,1406.37737376
p_1425745,-122.2502141686,38.0827754228,12,2392.66108471
p_1425745,-122.2464549653,38.0785124103,13,2969.44951947
p_1425745,-122.2446709366,38.0753024487,14,3358.61692623
p_1425745,-122.2435877763,38.0731958348,15,3611.02342583
p_1425745,-122.2447346519,38.071239639,16,3850.34365822
p_1425745,-122.2541074351,38.0658622111,17,4866.57290262
p_1425745,-122.2718135489,38.0597541782,18,6561.88562556
p_1425745,-122.2923275761,38.0532112655,19,8503.25833741
p_1425745,-122.3143996308,38.045031802,20,10642.79152011
p_1425745,-122.3377700416,38.0376695036,21,12851.08789773
p_1425745,-122.3577647264,38.0301019255,22,14797.08457943
p_1425745,-122.379668268,38.0206926705,23,16985.55055158
p_1425745,-122.3966199778,38.0095172285,24,18923.23751778
p_1425745,-122.4050838497,37.9978583038,25,20415.64764861
p_1425745,-122.4151294555,37.9873011478,26,21882.54643657
p_1425745,-122.4318859483,37.969565851,27,24340.70426464
p_1425745,-122.4358483163,37.9640283228,28,25047.11480885
p_1425745,-122.4362261015,37.9568797009,29,25841.27555219
p_1425745,-122.4317457272,37.9469053395,30,27016.33061638
p_1425745,-122.4268345199,37.9369245364,31,28205.29641452
p_1425745,-122.4239895273,37.9203450009,32,30062.46462304
p_1425745,-122.4131766054,37.8913107678,33,33422.48408384
p_1425745,-122.4049824612,37.8774782748,34,35118.60961961
p_1425745,-122.3994509535,37.8666360227,35,36416.72327156
p_1425745,-122.398006573,37.8597059727,36,37196.34644783
p_1425745,-122.3961744329,37.8535947619,37,37893.55221152
p_1425745,-122.3926299411,37.8428606412,38,39125.13612749
p_1425745,-122.3890169065,37.8287177213,39,40726.80199699
p_1425745,-122.3880186896,37.8217791292,40,41501.93649808
p_1425745,-122.3870204727,37.817047897,41,42034.37465750
p_1425745,-122.3867229589,37.8130233364,42,42481.84013173
p_1425745,-122.3866235275,37.807995812,43,43039.92830050
p_1425745,-122.387418979,37.8032036342,44,43576.41850841
p_1425745,-122.3878167047,37.8012395371,45,43797.21503271
p_1425745,-122.3911829899,37.7948246583,46,44568.47999312
p_1425746,-122.2984153077,37.7771635726,1,0.00000000
p_1425746,-122.3029405554,37.7764088147,2,407.37188711
p_1425746,-122.3085795928,37.7734373308,3,1003.68255131
p_1425746,-122.3148451899,37.7694044115,4,1714.38582486
p_1425746,-122.3238855514,37.7690506362,5,2511.87210263
p_1425746,-122.330240657,37.7691213914,6,3071.85744033
p_1425746,-122.3420571951,37.7746809955,7,4282.07657262
p_1425746,-122.3710524956,37.793784489,8,7601.66209611
p_1425746,-122.376254105,37.7954790326,9,8096.90770112
p_1425746,-122.3828627504,37.7965070424,10,8690.04389081
p_1425746,-122.3862452264,37.7966612426,11,8988.44506399
p_1425746,-122.391612,37.795106,12,9491.65937183
p_1425747,-122.2694618597,38.1012782948,1,0.00000000
p_1425747,-122.2675619668,38.1013584398,2,166.87970886
p_1425747,-122.2659887,38.100677,3,324.24423333
p_1425747,-122.263959838,38.0997832213,4,527.98663028
p_1425747,-122.2635205898,38.0996995441,5,567.61830211
p_1425747,-122.2626690225,38.1001055347,6,654.85324881
p_1425747,-122.2626691015,38.100104287,7,654.99192135
p_1425747,-122.2637471883,38.0995903367,8,765.42967696
p_1425747,-122.2640958174,38.0992550193,9,813.60035775
p_1425747,-122.2642604478,38.0988206285,10,863.93297066
p_1425747,-122.2643088685,38.0984014771,11,910.65154225
p_1425747,-122.2640680039,38.0978744523,12,972.84872810
p_1425747,-122.2633950484,38.0970922179,13,1077.84063419
p_1425747,-122.2615262136,38.0953398282,14,1332.21823499
p_1425747,-122.2597481669,38.0937400963,15,1568.55844147
p_1425747,-122.2579816955,38.0921854815,16,1800.48213475
p_1425747,-122.2563160165,38.0902383519,17,2061.36929511
p_1425747,-122.2502141686,38.0827754228,18,3047.65300606
p_1425747,-122.2464549653,38.0785124103,19,3624.44144082
p_1425747,-122.2446709366,38.0753024487,20,4013.60884758
p_1425747,-122.2435877763,38.0731958348,21,4266.01534718
p_1425747,-122.2447346519,38.071239639,22,4505.33557957
p_1425747,-122.2541074351,38.0658622111,23,5521.56482397
p_1425747,-122.2718135489,38.0597541782,24,7216.87754691
p_1425747,-122.2923275761,38.0532112655,25,9158.25025876
p_1425747,-122.3143996308,38.045031802,26,11297.78344146
p_1425747,-122.3377700416,38.0376695036,27,13506.07981908
p_1425747,-122.3577647264,38.0301019255,28,15452.07650078
p_1425747,-122.379668268,38.0206926705,29,17640.54247293
p_1425747,-122.3966199778,38.0095172285,30,19578.22943913
p_1425747,-122.4050838497,37.9978583038,31,21070.63956996
p_1425747,-122.4151294555,37.9873011478,32,22537.53835792
p_1425747,-122.4318859483,37.969565851,33,24995.69618599
p_1425747,-122.4358483163,37.9640283228,34,25702.10673020
p_1425747,-122.4362261015,37.9568797009,35,26496.26747354
p_1425747,-122.4317457272,37.9469053395,36,27671.32253773
p_1425747,-122.4268345199,37.9369245364,37,28860.28833587
p_1425747,-122.4239895273,37.9203450009,38,30717.45654439
p_1425747,-122.4131766054,37.8913107678,39,34077.47600519
p_1425747,-122.4049824612,37.8774782748,40,35773.60154096
p_1425747,-122.3994509535,37.8666360227,41,37071.71519291
p_1425747,-122.398006573,37.8597059727,42,37851.33836918
p_1425747,-122.3961744329,37.8535947619,43,38548.54413287
p_1425747,-122.3926299411,37.8428606412,44,39780.12804884
p_1425747,-122.3890169065,37.8287177213,45,41381.79391834
p_1425747,-122.3880186896,37.8217791292,46,42156.92841943
p_1425747,-122.3870204727,37.817047897,47,42689.36657885
p_1425747,-122.3867229589,37.8130233364,48,43136.83205308
p_1425747,-122.3866235275,37.807995812,49,43694.92022185
p_1425747,-122.387418979,37.8032036342,50,44231.41042976
p_1425747,-122.3878167047,37.8012395371,51,44452.20695406
p_1425747,-122.3908756765,37.7944182068,52,45255.83019893
p_1426919,-122.2626691015,38.100104287,1,0.00000000
p_1426919,-122.2637471883,38.0995903367,2,110.43775561
p_1426919,-122.2640958174,38.0992550193,3,158.60843640
p_1426919,-122.2642604478,38.0988206285,4,208.94104931
p_1426919,-122.2643088685,38.0984014771,5,255.65962090
p_1426919,-122.2640680039,38.0978744523,6,317.85680675
p_1426919,-122.2633950484,38.0970922179,7,422.84871284
p_1426919,-122.2615262136,38.0953398282,8,677.22631364
p_1426919,-122.2597481669,38.0937400963,9,913.56652012
p_1426919,-122.2579816955,38.0921854815,10,1145.49021340
p_1426919,-122.2563160165,38.0902383519,11,1406.37737376
p_1426919,-122.2502141686,38.0827754228,12,2392.66108471
p_1426919,-122.2464549653,38.0785124103,13,2969.44951947
p_1426919,-122.2446709366,38.0753024487,14,3358.61692623
p_1426919,-122.2435877763,38.0731958348,15,3611.02342583
p_1426919,-122.2447346519,38.071239639,16,3850.34365822
p_1426919,-122.2541074351,38.0658622111,17,4866.57290262
p_1426919,-122.2718135489,38.0597541782,18,6561.88562556
p_1426919,-122.2923275761,38.0532112655,19,8503.25833741
p_1426919,-122.3143996308,38.045031802,20,10642.79152011
p_1426919,-122.3377700416,38.0376695036,21,12851.08789773
p_1426919,-122.3577647264,38.0301019255,22,14797.08457943
p_1426919,-122.379668268,38.0206926705,23,16985.55055158
p_1426919,-122.3966199778,38.0095172285,24,18923.23751778
p_1426919,-122.4050838497,37.9978583038,25,20415.64764861
p_1426919,-122.4151294555,37.9873011478,26,21882.54643657
p_1426919,-122.4318859483,37.969565851,27,24340.70426464
p_1426919,-122.4358483163,37.9640283228,28,25047.11480885
p_1426919,-122.4362261015,37.9568797009,29,25841.27555219
p_1426919,-122.4317457272,37.9469053395,30,27016.33061638
p_1426919,-122.4268345199,37.9369245364,31,28205.29641452
p_1426919,-122.4239895273,37.9203450009,32,30062.46462304
p_1426919,-122.4131766054,37.8913107678,33,33422.48408384
p_1426919,-122.4049824612,37.8774782748,34,35118.60961961
p_1426919,-122.3994509535,37.8666360227,35,36416.72327156
p_1426919,-122.398006573,37.8597059727,36,37196.34644783
p_1426919,-122.3961744329,37.8535947619,37,37893.55221152
p_1426919,-122.3926299411,37.8428606412,38,39125.13612749
p_1426919,-122.3890169065,37.8287177213,39,40726.80199699
p_1426919,-122.3880186896,37.8217791292,40,41501.93649808
p_1426919,-122.3870204727,37.817047897,41,42034.37465750
p_1426919,-122.3867229589,37.8130233364,42,42481.84013173
p_1426919,-122.3866235275,37.807995812,43,43039.92830050
p_1426919,-122.387418979,37.8032036342,44,43576.41850841
p_1426919,-122.3878167047,37.8012395371,45,43797.21503271
p_1426919,-122.3908756765,37.7944182068,46,44600.83827758
p_1426921,-122.2940335099,37.7909145631,1,0.00000000
p_1426921,-122.2942480745,37.7918676016,2,107.45517470
p_1426921,-122.2938263442,37.7919553039,3,145.85549233
p_1426921,-122.293301031,37.7920313125,4,192.88788112
p_1426921,-122.291253153,37.7923396427,5,376.48219625
p_1426921,-122.2897659988,37.7925501267,6,509.53695186
p_1426921,-122.2878674107,37.7928496557,7,680.03560521
p_1426921,-122.2860399127,37.793130299,8,843.98567560
p_1426921,-122.2832300263,37.7934185197,9,1093.53506143
p_1426921,-122.2819783292,37.7935668359,10,1205.00454863
p_1426921,-122.2803431994,37.793730543,11,1350.16522237
p_1426921,-122.2800694446,37.7939059431,12,1381.15525654
p_1426921,-122.2800472483,37.7941515026,13,1408.48055907
p_1426921,-122.2800768434,37.7942918219,14,1424.27159218
p_1426921,-122.2801396657,37.7944692667,15,1444.72915447
p_1426921,-122.279777,37.795032,16,1514.88235719
p_1426921,-122.2801551418,37.7944630126,17,1586.27987541
p_1426921,-122.2803624501,37.7942929166,18,1612.54443030
p_1426921,-122.2819944523,37.7939545707,19,1761.11166713
p_1426921,-122.2837878825,37.7936725911,20,1922.14379108
p_1426921,-122.2854644451,37.7935079655,21,2070.93838083
p_1426921,-122.2874451128,37.7933047216,22,2246.84468242
p_1426921,-122.2888289482,37.7930957066,23,2370.91902479
p_1426921,-122.2913001117,37.79248097,24,2599.02065904
p_1426921,-122.2934355332,37.7920883544,25,2792.08996608
p_1426921,-122.2954565649,37.7918402171,26,2972.22038545
p_1426921,-122.2965253525,37.7917824979,27,3066.57712745
p_1426921,-122.2990659148,37.7918727298,28,3290.57428093
p_1426921,-122.3017377871,37.792089286,29,3527.13701958
p_1426921,-122.3022481752,37.7921339498,30,3572.36441832
p_1426921,-122.3051244666,37.7925269079,31,3829.43392026
p_1426921,-122.3113589783,37.7936431083,32,4392.36352432
p_1426921,-122.3125386143,37.7938457549,33,4498.67006560
p_1426921,-122.3177574113,37.7951776294,34,4981.51237812
p_1426921,-122.3215745262,37.7963204037,35,5340.83798931
p_1426921,-122.3221295332,37.7965248548,36,5394.73056577
p_1426921,-122.3238315077,37.7969976014,37,5553.54908992
p_1426921,-122.326164849,37.7976037761,38,5769.78833153
p_1426921,-122.3278115941,37.7978893873,39,5918.24640550
p_1426921,-122.3297196006,37.7983280565,40,6093.20118651
p_1426921,-122.3317623533,37.7985239663,41,6274.42047481
p_1426921,-122.3331519286,37.7985299369,42,6396.80524452
p_1426921,-122.3354533941,37.7980359027,43,6606.78710171
p_1426921,-122.3376088084,37.7972771869,44,6814.46164279
p_1426921,-122.3391883306,37.7969322093,45,6958.74960840
p_1426921,-122.3432468868,37.796352984,46,7321.94007669
p_1426921,-122.3448432168,37.7960931829,47,7465.46339075
p_1426921,-122.3478884814,37.7953776605,48,7745.18742317
p_1426921,-122.3525279706,37.7939821072,49,8182.19120127
p_1426921,-122.3539058115,37.7935849476,50,8311.30659378
p_1426921,-122.3568452005,37.7930496976,51,8576.93206483
p_1426921,-122.3587110736,37.792943657,52,8741.69679531
p_1426921,-122.3608261557,37.7931102921,53,8928.90642082
p_1426921,-122.3651975636,37.7936862001,54,9319.20261130
p_1426921,-122.3685079323,37.7941457035,55,9615.19921142
p_1426921,-122.369045148,37.7942269353,56,9663.36710300
p_1426921,-122.3719014674,37.7949086101,57,9926.07405545
p_1426921,-122.375092222,37.7957435755,58,10221.98944041
p_1426921,-122.3766560147,37.7961603725,59,10367.28249578
p_1426921,-122.3790075259,37.7965542196,60,10578.95441418
p_1426921,-122.3806177999,37.7966956,61,10721.64393769
p_1426921,-122.3836686912,37.7969694984,62,10992.06308302
p_1426921,-122.3856711872,37.7971568022,63,11169.65185906
p_1426921,-122.3865018841,37.7971012603,64,11243.07381573
p_1426921,-122.387070592,37.7969346342,65,11296.46748406
p_1426921,-122.3882207877,37.796409507,66,11413.34104573
p_1426921,-122.3897288221,37.7956773524,67,11569.04926439
p_1426921,-122.3901739317,37.7955198547,68,11611.97349526
p_1426921,-122.3911798507,37.7948357458,69,11728.65699583
p_1426957,-122.3910670688,37.794860363,1,0.00000000
p_1426957,-122.3897934667,37.7956775431,2,144.25547919
p_1426957,-122.3891436752,37.7959557276,3,209.28395750
p_1426957,-122.3870933571,37.7969199243,4,419.19477506
p_1426957,-122.3864841906,37.7971041467,5,476.61081743
p_1426957,-122.385702051,37.7971695159,6,545.87791925
p_1426957,-122.3831676177,37.7969318096,7,770.64933188
p_1426957,-122.3792343577,37.7965693061,8,1119.39728518
p_1426957,-122.3780385865,37.7964029105,9,1226.32149385
p_1426957,-122.3766924038,37.7961652017,10,1347.78646492
p_1426957,-122.3733833514,37.7952856728,11,1655.14781868
p_1426957,-122.3691104738,37.794242816,12,2048.88678239
p_1426957,-122.3649522802,37.7936526674,13,2420.94205713
p_1426957,-122.3608761293,37.7931118588,14,2784.94593240
p_1426957,-122.3587778893,37.7929395124,15,2970.74363971
p_1426957,-122.3568502793,37.7930330106,16,3140.84205657
p_1426957,-122.3548897906,37.793409763,17,3318.51016604
p_1426957,-122.3539201107,37.7935908064,18,3406.24985357
p_1426957,-122.3489211523,37.7950702023,19,3876.16611853
p_1426957,-122.347884761,37.7953716633,20,3973.38674283
p_1426957,-122.3448437912,37.7960906641,21,4252.85811918
p_1426957,-122.339156938,37.7969421034,22,4762.56290271
p_1426957,-122.3379836504,37.7971975333,23,4869.71751886
p_1426957,-122.3374808129,37.7973299781,24,4916.38034631
p_1426957,-122.3354455181,37.7980489598,25,5112.59615347
p_1426957,-122.3331588045,37.7985408907,26,5321.26289508
p_1426957,-122.3318272058,37.7985414183,27,5438.53973204
p_1426957,-122.3297294362,37.7983332941,28,5624.73368812
p_1426957,-122.327754003,37.7978981235,29,5805.29560605
p_1426957,-122.3261963133,37.7976237754,30,5945.82496221
p_1426957,-122.3221975576,37.796554235,31,6317.47986151
p_1426957,-122.3198270377,37.795750094,32,6544.54113587
p_1426957,-122.3125478657,37.7938768843,33,7218.53569198
p_1426957,-122.3081061341,37.7930537923,34,7620.28071433
p_1426957,-122.3045623267,37.7924577545,35,7939.34965868
p_1426957,-122.3021918068,37.7921360813,36,8151.17471109
p_1426957,-122.2992106986,37.7918617118,37,8415.51064681
p_1426957,-122.2966127046,37.7917765625,38,8644.53749056
p_1426957,-122.2935956794,37.7920698543,39,8912.26369203
p_1426957,-122.2914047444,37.7924577545,40,9109.98492978
p_1426957,-122.2890074024,37.7930632532,41,9331.57762566
p_1426957,-122.2872235264,37.7933470791,42,9491.82579380
p_1426957,-122.2843621413,37.7936119822,43,9745.56074366
p_1426957,-122.2823148742,37.7938958059,44,9928.61078578
p_1426957,-122.2812253928,37.794160707,45,10028.97303988
p_1426957,-122.280267607,37.794302618,46,10114.79011296
p_1426957,-122.279777,37.795032,47,10206.55651845
p_1434073,-122.279777,37.795032,1,0.00000000
p_1434073,-122.2801502526,37.7944401138,2,73.46146635
p_1434073,-122.2800477321,37.7941700694,3,104.76502065
p_1434073,-122.2800646373,37.7939183139,4,132.74765080
p_1434073,-122.2803608076,37.7937172795,5,167.07498245
p_1434073,-122.2832181413,37.7934058688,6,421.10597062
p_1434073,-122.28613136,37.7931140528,7,679.73396387
p_1434073,-122.287710318,37.7928637751,8,821.55387628
p_1434073,-122.2931448359,37.7920467399,9,1308.73753851
p_1434073,-122.2941402351,37.7918948205,10,1398.01905078
p_1434073,-122.2939864395,37.7908685119,11,1512.73427344
p_1434073,-122.2939860208,37.7908688816,12,1512.78944591
p_1434073,-122.2943298497,37.7917594343,13,1616.16951349
p_1434073,-122.2944904574,37.7918420324,14,1633.02678886
p_1434073,-122.2952476083,37.7917352592,15,1700.76159358
p_1434073,-122.2965656116,37.7916506463,16,1817.23100303
p_1434073,-122.29668543,37.7916546755,17,1827.79413039
p_1434073,-122.2983098817,37.791712867,18,1971.02207721
p_1434073,-122.2992582322,37.7917451005,19,2054.62964177
p_1434073,-122.3002005457,37.7918406103,20,2138.30305705
p_1434073,-122.3022668628,37.7920176852,21,2321.36248325
p_1434073,-122.3050692461,37.7924120653,22,2572.04689480
p_1434073,-122.3077417001,37.7928845614,23,2813.20584131
p_1434073,-122.3103095236,37.7933581432,24,3045.40406960
p_1434073,-122.3125752177,37.7937725708,25,3250.19484897
p_1434073,-122.3131659993,37.7939198135,26,3304.73566863
p_1434073,-122.3160158913,37.7946332734,27,3567.94132200
p_1434073,-122.3199666889,37.7956617039,28,3934.15691216
p_1434073,-122.3221550012,37.7964034392,29,4143.73962807
p_1434073,-122.3235207028,37.7967814797,30,4271.13169295
p_1434073,-122.3262848867,37.7975004516,31,4527.32921854
p_1434073,-122.3278582656,37.7977780275,32,4669.28540370
p_1434073,-122.3298162292,37.7982057653,33,4848.14479628
p_1434073,-122.3318087451,37.7984105325,34,5025.09623376
p_1434073,-122.3331390086,37.7984014318,35,5142.26002568
p_1434073,-122.335425219,37.7978690357,36,5352.10465375
p_1434073,-122.3375617028,37.7971318657,37,5557.29134565
p_1434073,-122.3391626259,37.7967814798,38,5703.55618434
p_1434073,-122.3416215978,37.7964538447,39,5923.16068927
p_1434073,-122.3447612024,37.7959350862,40,6205.61230659
p_1434073,-122.3478078969,37.7952479531,41,6484.57973373
p_1434073,-122.3512458506,37.7942149662,42,6808.36296568
p_1434073,-122.3538718253,37.7934459049,43,7054.90186331
p_1434073,-122.3548162547,37.7932775295,44,7140.15911608
p_1434073,-122.3568260468,37.7928952703,45,7322.19246896
p_1434073,-122.359031753,37.7928100895,46,7516.69866687
p_1434073,-122.3608169551,37.7929557124,47,7674.76586705
p_1434073,-122.3626239846,37.7932074058,48,7836.35972520
p_1434073,-122.3657183782,37.7936034705,49,8112.43110570
p_1434073,-122.3690240864,37.7940585363,50,8407.93910907
p_1434073,-122.3724274877,37.7947911865,51,8718.53497209
p_1434073,-122.3739721472,37.7952017851,52,8862.01321708
p_1434073,-122.3767663585,37.7959286771,53,9121.00258556
p_1434073,-122.3791656814,37.7963752253,54,9338.05758620
p_1434073,-122.3811238431,37.7965554898,55,9511.67872411
p_1434073,-122.3835448749,37.7967873599,56,9726.45715777
p_1434073,-122.3856684546,37.7969762407,57,9914.66094006
p_1434073,-122.3864688305,37.796927183,58,9985.36330149
p_1434073,-122.3870695272,37.7967386276,59,10042.25816715
p_1434073,-122.3891126625,37.7958401374,60,10247.99301269
p_1434073,-122.3911459552,37.794814036,61,10460.22413173
p_1434082,-122.279777,37.795032,1,0.00000000
p_1434082,-122.2801502526,37.7944401138,2,73.46146635
p_1434082,-122.2800477321,37.7941700694,3,104.76502065
p_1434082,-122.2800646373,37.7939183139,4,132.74765080
p_1434082,-122.2803608076,37.7937172795,5,167.07498245
p_1434082,-122.2832181413,37.7934058688,6,421.10597062
p_1434082,-122.28613136,37.7931140528,7,679.73396387
p_1434082,-122.287710318,37.7928637751,8,821.55387628
p_1434082,-122.2931448359,37.7920467399,9,1308.73753851
p_1434082,-122.2941402351,37.7918948205,10,1398.01905078
p_1434082,-122.2939864395,37.7908685119,11,1512.73427344
p_1434082,-122.2940088494,37.7908114028,12,1519.37318272
p_1434082,-122.2943166571,37.7917741196,13,1629.61343597
p_1434082,-122.2944824087,37.7918415961,14,1646.02179909
p_1434082,-122.295255916,37.7917304582,15,1715.26018787
p_1434082,-122.2965769056,37.7916550431,16,1831.91409020
p_1434082,-122.2991989962,37.7917477426,17,2063.09772472
p_1434082,-122.3018173874,37.7919722909,18,2295.06871842
p_1434082,-122.3022300931,37.7920104108,19,2331.66522808
p_1434082,-122.3050279162,37.7924085507,20,2582.02749810
p_1434082,-122.308903062,37.7930904662,21,2931.63789179
p_1434082,-122.3120073266,37.7936655225,22,3212.40739938
p_1434082,-122.3125808267,37.793775644,23,3264.37783727
p_1434082,-122.3140601355,37.7941314202,24,3400.52436293
p_1434082,-122.3168686783,37.7948472029,25,3660.33718163
p_1434082,-122.3196933005,37.7956010966,26,3922.81415386
p_1434082,-122.3200763953,37.7957031304,27,3958.40533831
p_1434082,-122.3221939767,37.7964110824,28,4160.78865545
p_1434082,-122.3252536747,37.7972433575,29,4445.66260607
p_1434082,-122.3262453621,37.7974954506,30,4537.37649481
p_1434082,-122.3278614315,37.7977829838,31,4683.24304835
p_1434082,-122.3297892447,37.798201589,32,4859.27341522
p_1434082,-122.3317796043,37.7984086709,33,5036.06974180
p_1434082,-122.3331332076,37.7983924241,34,5155.29841712
p_1434082,-122.335378961,37.7978868264,35,5360.89480566
p_1434082,-122.337572141,37.7971286342,36,5571.59121033
p_1434082,-122.3391348408,37.7967876063,37,5714.33461839
p_1434082,-122.3422423749,37.7963717475,38,5991.89400850
p_1434082,-122.3447296552,37.7959410341,39,6216.11685435
p_1434082,-122.3478075497,37.7952550279,40,6497.69468588
p_1434082,-122.3485383032,37.7950313152,41,6566.68034161
p_1434082,-122.3511757808,37.7942311275,42,6815.38034730
p_1434082,-122.3538429494,37.7934653752,43,7065.20101818
p_1434082,-122.3567764506,37.7929041223,44,7330.98311538
p_1434082,-122.3587192888,37.7927936021,45,7502.54537688
p_1434082,-122.3608588507,37.792971222,46,7692.02406034
p_1434082,-122.3651695114,37.7935428213,47,8076.96459343
p_1434082,-122.3691851961,37.7940739284,48,8435.53609106
p_1434082,-122.3725306762,37.7948196797,49,8741.60125989
p_1434082,-122.3767615687,37.7959341031,50,9134.23388434
p_1434082,-122.3791262029,37.7963656235,51,9347.93552784
p_1434082,-122.3829117383,37.7967301095,52,9683.79030908
p_1434082,-122.3856156921,37.7969814782,53,9923.56760142
p_1434082,-122.3864692932,37.7969312045,54,9998.95452565
p_1434082,-122.3869729709,37.7967720044,55,10046.70522858
p_1434082,-122.3890300966,37.7958922078,56,10252.52613818
p_1434082,-122.3897275878,37.7955848927,57,10322.79242829
p_1434082,-122.390254205,37.7954204323,58,10372.63734669
p_1434082,-122.3906873874,37.7952864992,59,10413.58406346
p_1434082,-122.390953608,37.7952219688,60,10438.10126629
p_1434082,-122.3912296281,37.7951561478,61,10463.48605361
p_1434082,-122.391552836,37.7951218181,62,10492.20686767
p_1434082,-122.391612,37.795106,63,10497.70562719
p_1435590,-122.2694618597,38.1012782948,1,0.00000000
p_1435590,-122.2675619668,38.1013584398,2,166.87970886
p_1435590,-122.2659887,38.100677,3,324.24423333
p_1435590,-122.263959838,38.0997832213,4,527.98663028
p_1435590,-122.2635205898,38.0996995441,5,567.61830211
p_1435590,-122.2626690225,38.1001055347,6,654.85324881
p_1435590,-122.2626691015,38.100104287,7,654.99192135
p_1435590,-122.2637471883,38.0995903367,8,765.42967696
p_1435590,-122.2640958174,38.0992550193,9,813.60035775
p_1435590,-122.2642604478,38.0988206285,10,863.93297066
p_1435590,-122.2643088685,38.0984014771,11,910.65154225
p_1435590,-122.2640680039,38.0978744523,12,972.84872810
p_1435590,-122.2633950484,38.0970922179,13,1077.84063419
p_1435590,-122.2615262136,38.0953398282,14,1332.21823499
p_1435590,-122.2597481669,38.0937400963,15,1568.55844147
p_1435590,-122.2579816955,38.0921854815,16,1800.48213475
p_1435590,-122.2563160165,38.0902383519,17,2061.36929511
p_1435590,-122.2502141686,38.0827754228,18,3047.65300606
p_1435590,-122.2464549653,38.0785124103,19,3624.44144082
p_1435590,-122.2446709366,38.0753024487,20,4013.60884758
p_1435590,-122.2435877763,38.0731958348,21,4266.01534718
p_1435590,-122.2447346519,38.071239639,22,4505.33557957
p_1435590,-122.2541074351,38.0658622111,23,5521.56482397
p_1435590,-122.2718135489,38.0597541782,24,7216.87754691
p_1435590,-122.2923275761,38.0532112655,25,9158.25025876
p_1435590,-122.3143996308,38.045031802,26,11297.78344146
p_1435590,-122.3377700416,38.0376695036,27,13506.07981908
p_1435590,-122.3577647264,38.0301019255,28,15452.07650078
p_1435590,-122.379668268,38.0206926705,29,17640.54247293
p_1435590,-122.3966199778,38.0095172285,30,19578.22943913
p_1435590,-122.4050838497,37.9978583038,31,21070.63956996
p_1435590,-122.4151294555,37.9873011478,32,22537.53835792
p_1435590,-122.4318859483,37.969565851,33,24995.69618599
p_1435590,-122.4358483163,37.9640283228,34,25702.10673020
p_1435590,-122.4362261015,37.9568797009,35,26496.26747354
p_1435590,-122.4317457272,37.9469053395,36,27671.32253773
p_1435590,-122.4268345199,37.9369245364,37,28860.28833587
p_1435590,-122.4239895273,37.9203450009,38,30717.45654439
p_1435590,-122.4131766054,37.8913107678,39,34077.47600519
p_1435590,-122.4049824612,37.8774782748,40,35773.60154096
p_1435590,-122.3994509535,37.8666360227,41,37071.71519291
p_1435590,-122.398006573,37.8597059727,42,37851.33836918
p_1435590,-122.3961744329,37.8535947619,43,38548.54413287
p_1435590,-122.3926299411,37.8428606412,44,39780.12804884
p_1435590,-122.3890169065,37.8287177213,45,41381.79391834
p_1435590,-122.3880186896,37.8217791292,46,42156.92841943
p_1435590,-122.3870204727,37.817047897,47,42689.36657885
p_1435590,-122.3867229589,37.8130233364,48,43136.83205308
p_1435590,-122.3866235275,37.807995812,49,43694.92022185
p_1435590,-122.387418979,37.8032036342,50,44231.41042976
p_1435590,-122.3878167047,37.8012395371,51,44452.20695406
p_1435590,-122.3911829899,37.7948246583,52,45223.47191447
p_179316,-122.3772501074,37.6626759071,1,0.00000000
p_179316,-122.37727,37.66377,2,121.44617476
p_179316,-122.37728,37.66413,3,161.41236103
p_179316,-122.37713,37.66423,4,178.68505450
p_179316,-122.37262,37.6642,5,576.62275066
p_179316,-122.3714,37.6644,6,686.52999000
p_179316,-122.37071,37.66467,7,754.38532169
p_179316,-122.33746,37.7035,8,5967.44783341
p_179316,-122.32463,37.74024,9,10199.23906968
p_179316,-122.33493,37.77328,10,13977.06706578
p_179316,-122.33939,37.78756,11,15610.00918819
p_179316,-122.33803,37.79148,12,16061.28972656
p_179316,-122.33459,37.79604,13,16651.17559292
p_179316,-122.33287,37.7972,14,16849.98600550
p_179316,-122.33162,37.79748,15,16964.38046537
p_179316,-122.33051,37.79739,16,17062.65109177
p_179316,-122.32689,37.79644,17,17398.46314144
p_179316,-122.30385,37.79134,18,19505.24451804
p_179316,-122.30089,37.79113,19,19767.00370583
p_179316,-122.29874,37.79122,20,19956.64100653
p_179316,-122.29679,37.79149,21,20130.99320626
p_179316,-122.28604,37.79312,22,21094.97813381
p_179316,-122.28036,37.79372,23,21599.67571073
p_179316,-122.28007,37.79392,24,21633.51646373
p_179316,-122.28006,37.79419,25,21663.49740160
p_179316,-122.28015,37.79444,26,21692.35560985
p_179316,-122.27978,37.79503,27,21765.50183801
p_179316,-122.279777,37.795032,28,21765.84693873
p_179316,-122.2801502526,37.7944401138,29,21839.30840508
p_179316,-122.2800477321,37.7941700694,30,21870.61195938
p_179316,-122.2800646373,37.7939183139,31,21898.59458953
p_179316,-122.2803608076,37.7937172795,32,21932.92192118
p_179316,-122.2832181413,37.7934058688,33,22186.95290935
p_179316,-122.28613136,37.7931140528,34,22445.58090260
p_179316,-122.287710318,37.7928637751,35,22587.40081501
p_179316,-122.2931448359,37.7920467399,36,23074.58447724
p_179316,-122.2941402351,37.7918948205,37,23163.86598951
p_179316,-122.2939864395,37.7908685119,38,23278.58121217
p_179862,-122.2626691015,38.100104287,1,0.00000000
p_179862,-122.2637471883,38.0995903367,2,110.43775560
p_179862,-122.2640958174,38.0992550193,3,158.60843639
p_179862,-122.2642604478,38.0988206285,4,208.94104930
p_179862,-122.2643088685,38.0984014771,5,255.65962089
p_179862,-122.2640680039,38.0978744523,6,317.85680674
p_179862,-122.2633950484,38.0970922179,7,422.84871283
p_179862,-122.2615262136,38.0953398282,8,677.22631363
p_179862,-122.2597481669,38.0937400963,9,913.56652011
p_179862,-122.2579816955,38.0921854815,10,1145.49021339
p_179862,-122.2563160165,38.0902383519,11,1406.37737375
p_179862,-122.2502141686,38.0827754228,12,2392.66108470
p_179862,-122.2464549653,38.0785124103,13,2969.44951946
p_179862,-122.2446709366,38.0753024487,14,3358.61692622
p_179862,-122.2435877763,38.0731958348,15,3611.02342582
p_179862,-122.2447346519,38.071239639,16,3850.34365821
p_179862,-122.2541074351,38.0658622111,17,4866.57290261
p_179862,-122.2718135489,38.0597541782,18,6561.88562555
p_179862,-122.2923275761,38.0532112655,19,8503.25833740
p_179862,-122.3143996308,38.045031802,20,10642.79152010
p_179862,-122.3377700416,38.0376695036,21,12851.08789772
p_179862,-122.3577647264,38.0301019255,22,14797.08457942
p_179862,-122.379668268,38.0206926705,23,16985.55055157
p_179862,-122.3966199778,38.0095172285,24,18923.23751777
p_179862,-122.4050838497,37.9978583038,25,20415.64764860
p_179862,-122.4151294555,37.9873011478,26,21882.54643656
p_179862,-122.4318859483,37.969565851,27,24340.70426463
p_179862,-122.4358483163,37.9640283228,28,25047.11480884
p_179862,-122.4362261015,37.9568797009,29,25841.27555218
p_179862,-122.4317457272,37.9469053395,30,27016.33061637
p_179862,-122.4268345199,37.9369245364,31,28205.29641451
p_179862,-122.4239895273,37.9203450009,32,30062.46462303
p_179862,-122.4131766054,37.8913107678,33,33422.48408383
p_179862,-122.4049824612,37.8774782748,34,35118.60961960
p_179862,-122.3994509535,37.8666360227,35,36416.72327155
p_179862,-122.398006573,37.8597059727,36,37196.34644782
p_179862,-122.3961744329,37.8535947619,37,37893.55221151
p_179862,-122.3926299411,37.8428606412,38,39125.13612748
p_179862,-122.3890169065,37.8287177213,39,40726.80199698
p_179862,-122.3880186896,37.8217791292,40,41501.93649807
p_179862,-122.3870204727,37.817047897,41,42034.37465749
p_179862,-122.3867229589,37.8130233364,42,42481.84013172
p_179862,-122.3866235275,37.807995812,43,43039.92830049
p_179862,-122.387418979,37.8032036342,44,43576.41850840
p_179862,-122.3878167047,37.8012395371,45,43797.21503270
p_179862,-122.391612,37.795106,46,44555.62718221
p_179875,-122.391612,37.795106,1,0.00000000
p_179875,-122.3880816414,37.8013739832,2,762.02015197
p_179875,-122.3867542645,37.8066927769,3,1363.83001262
p_179875,-122.387043163,37.8141921956,4,2196.60085470
p_179875,-122.3880549621,37.824008144,5,3289.73912527
p_179875,-122.3899512148,37.8321715347,6,4211.07080944
p_179875,-122.3926059686,37.8420555654,7,5332.74616176
p_179875,-122.3943130501,37.8490188777,8,6120.09818032
p_179875,-122.3967781786,37.8573286391,9,7067.60109313
p_179875,-122.3993381198,37.8665356591,10,8114.05760095
p_179875,-122.4022485175,37.8720855502,11,8781.16994281
p_179875,-122.407842463,37.8816648963,12,9952.79931969
p_179875,-122.4141826428,37.893245426,13,11353.95605808
p_179875,-122.4192077124,37.9056857129,14,12803.76801690
p_179875,-122.4222712197,37.9138232086,15,13746.30943640
p_179875,-122.4249055779,37.9245768199,16,14962.17448149
p_179875,-122.4267300023,37.9363013156,17,16273.38398130
p_179875,-122.432513573,37.9478910267,18,17656.60159644
p_179875,-122.434315013,37.9522273518,19,18163.28789063
p_179875,-122.4358320152,37.9572362364,20,18735.01466782
p_179875,-122.4363060784,37.9617215147,21,19234.60143334
p_179875,-122.4336115272,37.9676846184,22,19937.55976568
p_179875,-122.4169245035,37.9853226227,23,22383.43709977
p_179875,-122.4034611093,37.9996690586,24,24366.96656798
p_179875,-122.3935301319,38.0137753491,25,26159.24907071
p_179875,-122.3777524763,38.0270513576,26,28181.82987330
p_179875,-122.342000403,38.0413930423,27,31701.16834261
p_179875,-122.3077636817,38.0513129657,28,34901.73485558
p_179875,-122.2732039724,38.0599600074,29,38083.13929060
p_179875,-122.2563338225,38.0653994419,30,39682.00345179
p_179875,-122.2493701821,38.0678521099,31,40350.98296597
p_179875,-122.2443963071,38.0713878436,32,40937.93796810
p_179875,-122.2439321083,38.0740676679,33,41238.16850913
p_179875,-122.2456927836,38.0775326399,34,41652.63973125
p_179875,-122.2487363819,38.0810001308,35,42121.09009870
p_179875,-122.252851635,38.0862145415,36,42803.25475172
p_179875,-122.257095318,38.0914210336,37,43490.69631075
p_179875,-122.2608397443,38.0947608522,38,43985.99295446
p_179875,-122.2642097279,38.09849341,39,44494.94598499
p_179875,-122.262634357,38.1001125602,40,44721.64975656
p_180271,-122.2694618597,38.1012782948,1,0.00000000
p_180271,-122.2675619668,38.1013584398,2,166.87970886
p_180271,-122.2659887,38.100677,3,324.24423333
p_180271,-122.263959838,38.0997832213,4,527.98663028
p_180271,-122.2635205898,38.0996995441,5,567.61830211
p_180271,-122.2626690225,38.1001055347,6,654.85324881
p_180271,-122.2626691015,38.100104287,7,654.99192135
p_180271,-122.2637471883,38.0995903367,8,765.42967695
p_180271,-122.2640958174,38.0992550193,9,813.60035774
p_180271,-122.2642604478,38.0988206285,10,863.93297065
p_180271,-122.2643088685,38.0984014771,11,910.65154224
p_180271,-122.2640680039,38.0978744523,12,972.84872809
p_180271,-122.2633950484,38.0970922179,13,1077.84063418
p_180271,-122.2615262136,38.0953398282,14,1332.21823498
p_180271,-122.2597481669,38.0937400963,15,1568.55844146
p_180271,-122.2579816955,38.0921854815,16,1800.48213474
p_180271,-122.2563160165,38.0902383519,17,2061.36929510
p_180271,-122.2502141686,38.0827754228,18,3047.65300605
p_180271,-122.2464549653,38.0785124103,19,3624.44144081
p_180271,-122.2446709366,38.0753024487,20,4013.60884757
p_180271,-122.2435877763,38.0731958348,21,4266.01534717
p_180271,-122.2447346519,38.071239639,22,4505.33557956
p_180271,-122.2541074351,38.0658622111,23,5521.56482396
p_180271,-122.2718135489,38.0597541782,24,7216.87754690
p_180271,-122.2923275761,38.0532112655,25,9158.25025875
p_180271,-122.3143996308,38.045031802,26,11297.78344145
p_180271,-122.3377700416,38.0376695036,27,13506.07981907
p_180271,-122.3577647264,38.0301019255,28,15452.07650077
p_180271,-122.379668268,38.0206926705,29,17640.54247292
p_180271,-122.3966199778,38.0095172285,30,19578.22943912
p_180271,-122.4050838497,37.9978583038,31,21070.63956995
p_180271,-122.4151294555,37.9873011478,32,22537.53835791
p_180271,-122.4318859483,37.969565851,33,24995.69618598
p_180271,-122.4358483163,37.9640283228,34,25702.10673019
p_180271,-122.4362261015,37.9568797009,35,26496.26747353
p_180271,-122.4317457272,37.9469053395,36,27671.32253772
p_180271,-122.4268345199,37.9369245364,37,28860.28833586
p_180271,-122.4239895273,37.9203450009,38,30717.45654438
p_180271,-122.4131766054,37.8913107678,39,34077.47600518
p_180271,-122.4049824612,37.8774782748,40,35773.60154095
p_180271,-122.3994509535,37.8666360227,41,37071.71519290
p_180271,-122.398006573,37.8597059727,42,37851.33836917
p_180271,-122.3961744329,37.8535947619,43,38548.54413286
p_180271,-122.3926299411,37.8428606412,44,39780.12804883
p_180271,-122.3890169065,37.8287177213,45,41381.79391833
p_180271,-122.3880186896,37.8217791292,46,42156.92841942
p_180271,-122.3870204727,37.817047897,47,42689.36657884
p_180271,-122.3867229589,37.8130233364,48,43136.83205307
p_180271,-122.3866235275,37.807995812,49,43694.92022184
p_180271,-122.387418979,37.8032036342,50,44231.41042975
p_180271,-122.3878167047,37.8012395371,51,44452.20695405
p_180271,-122.391612,37.795106,52,45210.61910356
p_298487,-122.2940335099,37.7909145631,1,0.00000000
p_298487,-122.2942480745,37.7918676016,2,107.45517470
p_298487,-122.2938263442,37.7919553039,3,145.85549233
p_298487,-122.293301031,37.7920313125,4,192.88788112
p_298487,-122.291253153,37.7923396427,5,376.48219625
p_298487,-122.2897659988,37.7925501267,6,509.53695186
p_298487,-122.2878674107,37.7928496557,7,680.03560521
p_298487,-122.2860399127,37.793130299,8,843.98567560
p_298487,-122.2832300263,37.7934185197,9,1093.53506143
p_298487,-122.2819783292,37.7935668359,10,1205.00454863
p_298487,-122.2803431994,37.793730543,11,1350.16522237
p_298487,-122.2800694446,37.7939059431,12,1381.15525654
p_298487,-122.2800472483,37.7941515026,13,1408.48055907
p_298487,-122.2800768434,37.7942918219,14,1424.27159218
p_298487,-122.2801396657,37.7944692667,15,1444.72915447
p_298487,-122.279777,37.795032,16,1514.88235719
p_298487,-122.280148,37.794442,17,1588.06786782
p_298487,-122.280051,37.794196,18,1616.67746882
p_298487,-122.280062,37.793923,19,1646.99392928
p_298487,-122.280357,37.793722,20,1681.24050352
p_298487,-122.286033,37.793126,21,2185.53039230
p_298487,-122.296783,37.791499,22,3149.45278910
p_298487,-122.298732,37.791221,23,3323.87309841
p_298487,-122.300888,37.791138,24,3513.99891179
p_298487,-122.303844,37.791348,25,3775.40714961
p_298487,-122.326888,37.796441,26,5882.31917718
p_298487,-122.330503,37.797395,27,6217.85298690
p_298487,-122.331611,37.797482,28,6315.91502712
p_298487,-122.332861,37.797206,29,6430.18966504
p_298487,-122.334581,37.796043,30,6629.21587196
p_298487,-122.338025,37.791488,31,7218.80681832
p_298487,-122.339388,37.787567,32,7670.26456581
p_298487,-122.334926,37.773281,33,9303.89546611
p_298487,-122.324624,37.740247,34,13081.11936646
p_298487,-122.337455,37.703509,35,17312.72023790
p_298487,-122.370703,37.664679,36,22525.68330474
p_298487,-122.3714,37.664407,37,22594.19082737
p_298487,-122.372612,37.664203,38,22703.49794733
p_298487,-122.377129,37.664237,39,23102.05717149
p_298487,-122.377274,37.664139,40,23118.84958306
p_298487,-122.377269,37.663774,41,23159.36338152
p_298487,-122.3772452,37.662676,42,23281.24861723
p_298493,-122.391612,37.795106,1,0.00000000
p_298493,-122.3880816414,37.8013739832,2,762.02015197
p_298493,-122.3867542645,37.8066927769,3,1363.83001262
p_298493,-122.387043163,37.8141921956,4,2196.60085470
p_298493,-122.3880549621,37.824008144,5,3289.73912527
p_298493,-122.3899512148,37.8321715347,6,4211.07080944
p_298493,-122.3926059686,37.8420555654,7,5332.74616176
p_298493,-122.3943130501,37.8490188777,8,6120.09818032
p_298493,-122.3967781786,37.8573286391,9,7067.60109313
p_298493,-122.3993381198,37.8665356591,10,8114.05760095
p_298493,-122.4022485175,37.8720855502,11,8781.16994281
p_298493,-122.407842463,37.8816648963,12,9952.79931969
p_298493,-122.4141826428,37.893245426,13,11353.95605808
p_298493,-122.4192077124,37.9056857129,14,12803.76801690
p_298493,-122.4222712197,37.9138232086,15,13746.30943640
p_298493,-122.4249055779,37.9245768199,16,14962.17448149
p_298493,-122.4267300023,37.9363013156,17,16273.38398130
p_298493,-122.432513573,37.9478910267,18,17656.60159644
p_298493,-122.434315013,37.9522273518,19,18163.28789063
p_298493,-122.4358320152,37.9572362364,20,18735.01466782
p_298493,-122.4363060784,37.9617215147,21,19234.60143334
p_298493,-122.4336115272,37.9676846184,22,19937.55976568
p_298493,-122.4169245035,37.9853226227,23,22383.43709977
p_298493,-122.4034611093,37.9996690586,24,24366.96656798
p_298493,-122.3935301319,38.0137753491,25,26159.24907071
p_298493,-122.3777524763,38.0270513576,26,28181.82987330
p_298493,-122.342000403,38.0413930423,27,31701.16834261
p_298493,-122.3077636817,38.0513129657,28,34901.73485558
p_298493,-122.2732039724,38.0599600074,29,38083.13929060
p_298493,-122.2563338225,38.0653994419,30,39682.00345179
p_298493,-122.2493701821,38.0678521099,31,40350.98296597
p_298493,-122.2443963071,38.0713878436,32,40937.93796810
p_298493,-122.2439321083,38.0740676679,33,41238.16850913
p_298493,-122.2456927836,38.0775326399,34,41652.63973125
p_298493,-122.2487363819,38.0810001308,35,42121.09009870
p_298493,-122.252851635,38.0862145415,36,42803.25475172
p_298493,-122.257095318,38.0914210336,37,43490.69631075
p_298493,-122.2608397443,38.0947608522,38,43985.99295446
p_298493,-122.2642097279,38.09849341,39,44494.94598499
p_298493,-122.262634357,38.1001125602,40,44721.64975656
p_298493,-122.2626202798,38.1001299687,41,44723.94289091
p_298493,-122.2694136859,38.1012534241,42,45332.71656957
p_298507,-122.377245,37.662676,1,0.00000000
p_298507,-122.37724,37.664,2,146.95157537
p_298507,-122.377,37.6642,3,177.62986425
p_298507,-122.36516,37.6644,4,1222.52466301
p_298507,-122.36343,37.66577,5,1437.97702913
p_298507,-122.3613,37.66872,6,1815.49586749
p_298507,-122.35739,37.67741,7,2839.82861032
p_298507,-122.35651,37.67987,8,3123.68610561
p_298507,-122.35288,37.69525,9,4860.48880078
p_298507,-122.34956,37.72097,10,7730.14848150
p_298507,-122.3508,37.73437,11,9221.44411103
p_298507,-122.35177,37.74944,12,10896.27106712
p_298507,-122.35094,37.76921,13,13091.80002110
p_298507,-122.3479,37.77986,14,14303.82865395
p_298507,-122.3432,37.78939,15,15439.72531334
p_298507,-122.33877,37.79575,16,16246.29946432
p_298507,-122.33546,37.79762,17,16604.16416568
p_298507,-122.33397,37.79817,18,16748.89696875
p_298507,-122.33159,37.79803,19,16959.08521364
p_298507,-122.3274,37.79714,20,17341.10521719
p_298507,-122.32136,37.79565,21,17898.19034062
p_298507,-122.31441,37.79392,22,18539.73308808
p_298507,-122.30819,37.79264,23,19105.70247192
p_298507,-122.30294,37.79157,24,19583.12877461
p_298507,-122.29554,37.79171,25,20235.10883953
p_298507,-122.29468,37.79171,26,20310.85790103
p_298507,-122.29419,37.79154,27,20357.96164500
p_298507,-122.29398,37.79076,28,20446.48975580
p_530949,-122.39079,37.79436,1,0.00000000
p_530949,-122.3897934667,37.7956775431,2,170.55548183
p_530949,-122.3891436752,37.7959557276,3,235.58396013
p_530949,-122.3870933571,37.7969199243,4,445.49477770
p_530949,-122.3864841906,37.7971041467,5,502.91082010
p_530949,-122.385702051,37.7971695159,6,572.17792193
p_530949,-122.3831676177,37.7969318096,7,796.94933452
p_530949,-122.3792343577,37.7965693061,8,1145.69728780
p_530949,-122.3780385865,37.7964029105,9,1252.62149651
p_530949,-122.3766924038,37.7961652017,10,1374.08646753
p_530949,-122.3733833514,37.7952856728,11,1681.44782130
p_530949,-122.3691104738,37.794242816,12,2075.18678503
p_530949,-122.3649522802,37.7936526674,13,2447.24205978
p_530949,-122.3608761293,37.7931118588,14,2811.24593500
p_530949,-122.3587778893,37.7929395124,15,2997.04364234
p_530949,-122.3568502793,37.7930330106,16,3167.14205919
p_530949,-122.3548897906,37.793409763,17,3344.81016867
p_530949,-122.3539201107,37.7935908064,18,3432.54985619
p_530949,-122.3489211523,37.7950702023,19,3902.46612118
p_530949,-122.347884761,37.7953716633,20,3999.68674545
p_530949,-122.3448437912,37.7960906641,21,4279.15812177
p_530949,-122.339156938,37.7969421034,22,4788.86290532
p_530949,-122.3379836504,37.7971975333,23,4896.01752148
p_530949,-122.3374808129,37.7973299781,24,4942.68034894
p_530949,-122.3354455181,37.7980489598,25,5138.89615614
p_530949,-122.3331588045,37.7985408907,26,5347.56289776
p_530949,-122.3318272058,37.7985414183,27,5464.83973469
p_530949,-122.3297294362,37.7983332941,28,5651.03369074
p_530949,-122.327754003,37.7978981235,29,5831.59560869
p_530949,-122.3261963133,37.7976237754,30,5972.12496485
p_530949,-122.3221975576,37.796554235,31,6343.77986416
p_530949,-122.3198270377,37.795750094,32,6570.84113850
p_530949,-122.3125478657,37.7938768843,33,7244.83569464
p_530949,-122.3081061341,37.7930537923,34,7646.58071692
p_530949,-122.3045623267,37.7924577545,35,7965.64966132
p_530949,-122.3021918068,37.7921360813,36,8177.47471372
p_530949,-122.2992106986,37.7918617118,37,8441.81064942
p_530949,-122.2966127046,37.7917765625,38,8670.83749322
p_530949,-122.2935956794,37.7920698543,39,8938.56369461
p_530949,-122.2914047444,37.7924577545,40,9136.28493236
p_530949,-122.2890074024,37.7930632532,41,9357.87762824
p_530949,-122.2872235264,37.7933470791,42,9518.12579639
p_530949,-122.2843621413,37.7936119822,43,9771.86074623
p_530949,-122.2823148742,37.7938958059,44,9954.91078843
p_530949,-122.2812253928,37.794160707,45,10055.27304254
p_530949,-122.280267607,37.794302618,46,10141.09011562
p_530949,-122.279777,37.795032,47,10232.85652110
p_530954,-122.279777,37.795032,1,0.00000000
p_530954,-122.2801502526,37.7944401138,2,73.46146635
p_530954,-122.2800477321,37.7941700694,3,104.76502065
p_530954,-122.2800646373,37.7939183139,4,132.74765080
p_530954,-122.2803608076,37.7937172795,5,167.07498245
p_530954,-122.2832181413,37.7934058688,6,421.10597062
p_530954,-122.28613136,37.7931140528,7,679.73396387
p_530954,-122.287710318,37.7928637751,8,821.55387628
p_530954,-122.2931448359,37.7920467399,9,1308.73753851
p_530954,-122.2941402351,37.7918948205,10,1398.01905078
p_530954,-122.2939864395,37.7908685119,11,1512.73427344
p_530954,-122.2939860208,37.7908688816,12,1512.78944591
p_530954,-122.2943298497,37.7917594343,13,1616.16951350
p_530954,-122.2944904574,37.7918420324,14,1633.02678887
p_530954,-122.2952476083,37.7917352592,15,1700.76159359
p_530954,-122.2965656116,37.7916506463,16,1817.23100304
p_530954,-122.29668543,37.7916546755,17,1827.79413040
p_530954,-122.2983098817,37.791712867,18,1971.02207722
p_530954,-122.2992582322,37.7917451005,19,2054.62964178
p_530954,-122.3002005457,37.7918406103,20,2138.30305706
p_530954,-122.3022668628,37.7920176852,21,2321.36248326
p_530954,-122.3050692461,37.7924120653,22,2572.04689481
p_530954,-122.3077417001,37.7928845614,23,2813.20584132
p_530954,-122.3103095236,37.7933581432,24,3045.40406961
p_530954,-122.3125752177,37.7937725708,25,3250.19484898
p_530954,-122.3131659993,37.7939198135,26,3304.73566864
p_530954,-122.3160158913,37.7946332734,27,3567.94132201
p_530954,-122.3199666889,37.7956617039,28,3934.15691217
p_530954,-122.3221550012,37.7964034392,29,4143.73962808
p_530954,-122.3235207028,37.7967814797,30,4271.13169296
p_530954,-122.3262848867,37.7975004516,31,4527.32921855
p_530954,-122.3278582656,37.7977780275,32,4669.28540371
p_530954,-122.3298162292,37.7982057653,33,4848.14479629
p_530954,-122.3318087451,37.7984105325,34,5025.09623377
p_530954,-122.3331390086,37.7984014318,35,5142.26002569
p_530954,-122.335425219,37.7978690357,36,5352.10465376
p_530954,-122.3375617028,37.7971318657,37,5557.29134566
p_530954,-122.3391626259,37.7967814798,38,5703.55618435
p_530954,-122.3416215978,37.7964538447,39,5923.16068928
p_530954,-122.3447612024,37.7959350862,40,6205.61230660
p_530954,-122.3478078969,37.7952479531,41,6484.57973374
p_530954,-122.3512458506,37.7942149662,42,6808.36296569
p_530954,-122.3538718253,37.7934459049,43,7054.90186332
p_530954,-122.3548162547,37.7932775295,44,7140.15911609
p_530954,-122.3568260468,37.7928952703,45,7322.19246897
p_530954,-122.359031753,37.7928100895,46,7516.69866688
p_530954,-122.3608169551,37.7929557124,47,7674.76586706
p_530954,-122.3626239846,37.7932074058,48,7836.35972521
p_530954,-122.3657183782,37.7936034705,49,8112.43110571
p_530954,-122.3690240864,37.7940585363,50,8407.93910908
p_530954,-122.3724274877,37.7947911865,51,8718.53497210
p_530954,-122.3739721472,37.7952017851,52,8862.01321709
p_530954,-122.3767663585,37.7959286771,53,9121.00258557
p_530954,-122.3791656814,37.7963752253,54,9338.05758621
p_530954,-122.3811238431,37.7965554898,55,9511.67872412
p_530954,-122.3835448749,37.7967873599,56,9726.45715778
p_530954,-122.3856684546,37.7969762407,57,9914.66094007
p_530954,-122.3864688305,37.796927183,58,9985.36330150
p_530954,-122.3870695272,37.7967386276,59,10042.25816716
p_530954,-122.3891126625,37.7958401374,60,10247.99301270
p_530954,-122.39079,37.79436,61,10468.93319248
p_530966,-122.2940335099,37.7909145631,1,0.00000000
p_530966,-122.2942480745,37.7918676016,2,107.45517470
p_530966,-122.2938263442,37.7919553039,3,145.85549233
p_530966,-122.293301031,37.7920313125,4,192.88788112
p_530966,-122.291253153,37.7923396427,5,376.48219625
p_530966,-122.2897659988,37.7925501267,6,509.53695186
p_530966,-122.2878674107,37.7928496557,7,680.03560521
p_530966,-122.2860399127,37.793130299,8,843.98567560
p_530966,-122.2832300263,37.7934185197,9,1093.53506143
p_530966,-122.2819783292,37.7935668359,10,1205.00454863
p_530966,-122.2803431994,37.793730543,11,1350.16522237
p_530966,-122.2800694446,37.7939059431,12,1381.15525654
p_530966,-122.2800472483,37.7941515026,13,1408.48055907
p_530966,-122.2800768434,37.7942918219,14,1424.27159218
p_530966,-122.2801396657,37.7944692667,15,1444.72915447
p_530966,-122.279777,37.795032,16,1514.88235719
p_530966,-122.2801551418,37.7944630126,17,1586.27987543
p_530966,-122.2803624501,37.7942929166,18,1612.54443031
p_530966,-122.2819944523,37.7939545707,19,1761.11166710
p_530966,-122.2837878825,37.7936725911,20,1922.14379108
p_530966,-122.2854644451,37.7935079655,21,2070.93838085
p_530966,-122.2874451128,37.7933047216,22,2246.84468244
p_530966,-122.2888289482,37.7930957066,23,2370.91902478
p_530966,-122.2913001117,37.79248097,24,2599.02065903
p_530966,-122.2934355332,37.7920883544,25,2792.08996606
p_530966,-122.2954565649,37.7918402171,26,2972.22038545
p_530966,-122.2965253525,37.7917824979,27,3066.57712744
p_530966,-122.2990659148,37.7918727298,28,3290.57428093
p_530966,-122.3017377871,37.792089286,29,3527.13701954
p_530966,-122.3022481752,37.7921339498,30,3572.36441829
p_530966,-122.3051244666,37.7925269079,31,3829.43392024
p_530966,-122.3113589783,37.7936431083,32,4392.36352430
p_530966,-122.3125386143,37.7938457549,33,4498.67006561
p_530966,-122.3177574113,37.7951776294,34,4981.51237811
p_530966,-122.3215745262,37.7963204037,35,5340.83798931
p_530966,-122.3221295332,37.7965248548,36,5394.73056579
p_530966,-122.3238315077,37.7969976014,37,5553.54908994
p_530966,-122.326164849,37.7976037761,38,5769.78833154
p_530966,-122.3278115941,37.7978893873,39,5918.24640550
p_530966,-122.3297196006,37.7983280565,40,6093.20118649
p_530966,-122.3317623533,37.7985239663,41,6274.42047477
p_530966,-122.3331519286,37.7985299369,42,6396.80524454
p_530966,-122.3354533941,37.7980359027,43,6606.78710167
p_530966,-122.3376088084,37.7972771869,44,6814.46164281
p_530966,-122.3391883306,37.7969322093,45,6958.74960841
p_530966,-122.3432468868,37.796352984,46,7321.94007662
p_530966,-122.3448432168,37.7960931829,47,7465.46339069
p_530966,-122.3478884814,37.7953776605,48,7745.18742310
p_530966,-122.3525279706,37.7939821072,49,8182.19120123
p_530966,-122.3539058115,37.7935849476,50,8311.30659377
p_530966,-122.3568452005,37.7930496976,51,8576.93206481
p_530966,-122.3587110736,37.792943657,52,8741.69679528
p_530966,-122.3608261557,37.7931102921,53,8928.90642077
p_530966,-122.3651975636,37.7936862001,54,9319.20261129
p_530966,-122.3685079323,37.7941457035,55,9615.19921141
p_530966,-122.369045148,37.7942269353,56,9663.36710300
p_530966,-122.3719014674,37.7949086101,57,9926.07405538
p_530966,-122.375092222,37.7957435755,58,10221.98944036
p_530966,-122.3766560147,37.7961603725,59,10367.28249575
p_530966,-122.3790075259,37.7965542196,60,10578.95441419
p_530966,-122.3806177999,37.7966956,61,10721.64393762
p_530966,-122.3836686912,37.7969694984,62,10992.06308304
p_530966,-122.3856711872,37.7971568022,63,11169.65185902
p_530966,-122.3865018841,37.7971012603,64,11243.07381570
p_530966,-122.387070592,37.7969346342,65,11296.46748400
p_530966,-122.3882207877,37.796409507,66,11413.34104568
p_530966,-122.3897288221,37.7956773524,67,11569.04926435
p_530966,-122.3901739317,37.7955198547,68,11611.97349522
p_530966,-122.39079,37.79436,69,11751.67690759
p_531019,-122.39107,37.79472,1,0.00000000
p_531019,-122.3861150078,37.7968905177,2,498.49247337
p_531019,-122.3791142113,37.7962277008,3,1119.45776222
p_531019,-122.3768236281,37.7957433308,4,1328.24184400
p_531019,-122.37259548,37.79430805,5,1733.28501268
p_531019,-122.3670883561,37.7905607394,6,2372.25285405
p_531019,-122.3569597459,37.7840912396,7,3517.50836513
p_531019,-122.3522415736,37.7805638269,8,4088.50176791
p_531019,-122.3469584225,37.7772769124,9,4679.86683245
p_531019,-122.3413476231,37.7743035444,10,5274.21778235
p_531019,-122.3329425828,37.7704160694,11,6131.26604251
p_531019,-122.3199994887,37.7656783429,12,7387.06040006
p_531019,-122.3116197705,37.762632506,13,8199.13529116
p_531019,-122.2986542985,37.7582576874,14,9440.52442718
p_531019,-122.285746903,37.7530425492,15,10716.77760436
p_531019,-122.2796715093,37.7501665374,16,11340.12581108
p_531019,-122.2752423888,37.7473648432,17,11839.19251296
p_531019,-122.2720154581,37.7448882572,18,12234.72334003
p_531019,-122.2642938328,37.7390640952,19,13173.37295458
p_531019,-122.2615882459,37.737105197,20,13496.08821986
p_531019,-122.2598911696,37.7363724768,21,13666.35548277
p_531019,-122.2589325799,37.7360642432,22,13757.51459791
p_531019,-122.2581425334,37.7360059286,23,13827.45444639
p_531019,-122.2573840888,37.7362391868,24,13899.14641914
p_531019,-122.256966,37.736528,25,13947.99011216
p_531020,-122.256966,37.736528,1,0.00000000
p_531020,-122.2573599228,37.7362382865,2,47.32501024
p_531020,-122.2580898549,37.7360270946,3,115.80268199
p_531020,-122.2588375902,37.7360552536,4,181.78687759
p_531020,-122.260030406,37.736421319,5,294.50628970
p_531020,-122.2615792863,37.7370971273,6,450.28151069
p_531020,-122.2642888356,37.7390652641,7,773.94614640
p_531020,-122.2718287772,37.744780336,8,1692.64944826
p_531020,-122.2755616888,37.7474664284,9,2136.63530119
p_531020,-122.279674233,37.7501129142,10,2603.16223225
p_531020,-122.2854193484,37.7529638355,11,3200.21526294
p_531020,-122.292397825,37.7557460882,12,3888.37006489
p_531020,-122.2992405128,37.7582559617,13,4552.59796794
p_531020,-122.3076324011,37.7611835209,14,5360.31803915
p_531020,-122.311648852,37.7625253171,15,5744.28912918
p_531020,-122.3183991255,37.7650433634,16,6401.46926102
p_531020,-122.3271079325,37.7681802831,17,7244.09947319
p_531020,-122.3328863478,37.7702945771,18,7804.69899862
p_531020,-122.336420793,37.7718815231,19,8162.46385680
p_531020,-122.3403879135,37.7737656617,20,8569.76377626
p_531020,-122.3466826499,37.7771141953,21,9237.35132199
p_531020,-122.351543787,37.7801722546,22,9783.79537548
p_531020,-122.3568925241,37.7838531503,23,10407.43365913
p_531020,-122.3677320481,37.7909852302,24,11647.71266409
p_531020,-122.3700968387,37.7928071088,25,11938.01595697
p_531020,-122.3725478156,37.7943674218,26,12214.77474602
p_531020,-122.3760299458,37.7955198837,27,12547.07464646
p_531020,-122.3791321665,37.796176763,28,12829.86420360
p_531020,-122.3859727128,37.7968490698,29,13436.94618527
p_531020,-122.39107,37.79472,30,13944.28765469
p_531490,-122.39125,37.79476,1,0.00000000
p_531490,-122.38932,37.79807,2,404.80465401
p_531490,-122.38805,37.80217,3,873.41859662
p_531490,-122.38539,37.81128,4,1911.34186156
p_531490,-122.38678,37.82495,5,3433.54477984
p_531490,-122.38897,37.83625,6,4702.50010658
p_531490,-122.38972,37.84358,7,5518.75614988
p_531490,-122.39087,37.85396,8,6675.30724325
p_531490,-122.39295,37.86815,9,8260.90984704
p_531490,-122.39555,37.88338,10,9966.75726824
p_531490,-122.39699,37.8941,11,11163.34041280
p_531490,-122.39733,37.89953,12,11766.78213739
p_531490,-122.39728,37.90235,13,12079.81780740
p_531490,-122.39687,37.90362,14,12225.31987609
p_531490,-122.39555,37.9057,15,12483.73246233
p_531490,-122.39335,37.90627,16,12687.29175491
p_531490,-122.38845,37.90581,17,13121.23353648
p_531490,-122.37801,37.90402,18,14060.63757975
p_531490,-122.36925,37.90281,19,14842.67658053
p_531490,-122.36538,37.90276,20,15183.08167333
p_531490,-122.36336,37.90339,21,15374.00305044
p_531490,-122.36221,37.90431,22,15517.72709647
p_531490,-122.36186,37.90616,23,15725.36150135
p_531490,-122.36152,37.90795,24,15926.27942136
p_531490,-122.36054,37.90881,25,16054.88432764
p_531490,-122.3592572426,37.909488682,26,16190.53076819
p_531492,-122.3592775639,37.9094840203,1,0.00000000
p_531492,-122.36054,37.90881,2,133.87411297
p_531492,-122.3615209581,37.9079471855,3,262.76743744
p_531492,-122.3618606796,37.9061561549,4,463.79483008
p_531492,-122.3622124293,37.9043021016,5,671.89699428
p_531492,-122.3633615283,37.9033884324,6,815.06669136
p_531492,-122.365386045,37.9027563859,7,1006.44091456
p_531492,-122.3692627392,37.9028111957,8,1347.44378489
p_531492,-122.3780247704,37.9040236632,9,2129.70581522
p_531492,-122.3884584675,37.9058107034,10,3068.49860681
p_531492,-122.393364722,37.906269125,11,3502.96606339
p_531492,-122.3955544738,37.9056223895,12,3708.48674033
p_531492,-122.3968819596,37.9035874788,13,3962.73970186
p_531492,-122.3972795408,37.9023451368,14,4104.99729065
p_531492,-122.3973289171,37.89951917,15,4418.69440644
p_531492,-122.3969863852,37.8940804275,16,5023.11637343
p_531492,-122.3955523742,37.8833634878,17,6219.30608222
p_531492,-122.3929510486,37.868076549,18,7931.43209283
p_531492,-122.3908694105,37.8539508573,19,9509.96152417
p_531492,-122.3897201952,37.8435723068,20,10666.34630855
p_531492,-122.388967552,37.8361700111,21,11490.61933027
p_531492,-122.3867794309,37.824942126,22,12751.63862939
p_531492,-122.385395011,37.8112680332,23,14274.25493733
p_531492,-122.3880584529,37.8021403946,24,15314.15388073
p_531492,-122.3893256234,37.7980609247,25,15780.49561158
p_531492,-122.3912423095,37.7947672104,26,16183.16748102
p_788331,-122.279777,37.795032,1,0.00000000
p_788331,-122.2801551418,37.7944630126,2,71.39751824
p_788331,-122.2803624501,37.7942929166,3,97.66207312
p_788331,-122.2819944523,37.7939545707,4,246.22930991
p_788331,-122.2837878825,37.7936725911,5,407.26143389
p_788331,-122.2854644451,37.7935079655,6,556.05602366
p_788331,-122.2874451128,37.7933047216,7,731.96232525
p_788331,-122.2888289482,37.7930957066,8,856.03666759
p_788331,-122.2913001117,37.79248097,9,1084.13830184
p_788331,-122.2934355332,37.7920883544,10,1277.20760887
p_788331,-122.2954565649,37.7918402171,11,1457.33802826
p_788331,-122.2965253525,37.7917824979,12,1551.69477025
p_788331,-122.2990659148,37.7918727298,13,1775.69192374
p_788331,-122.3017377871,37.792089286,14,2012.25466235
p_788331,-122.3022481752,37.7921339498,15,2057.48206110
p_788331,-122.3051244666,37.7925269079,16,2314.55156305
p_788331,-122.3113589783,37.7936431083,17,2877.48116711
p_788331,-122.3125386143,37.7938457549,18,2983.78770842
p_788331,-122.3177574113,37.7951776294,19,3466.63002092
p_788331,-122.3215745262,37.7963204037,20,3825.95563212
p_788331,-122.3221295332,37.7965248548,21,3879.84820860
p_788331,-122.3238315077,37.7969976014,22,4038.66673275
p_788331,-122.326164849,37.7976037761,23,4254.90597435
p_788331,-122.3278115941,37.7978893873,24,4403.36404831
p_788331,-122.3297196006,37.7983280565,25,4578.31882930
p_788331,-122.3317623533,37.7985239663,26,4759.53811758
p_788331,-122.3331519286,37.7985299369,27,4881.92288735
p_788331,-122.3354533941,37.7980359027,28,5091.90474448
p_788331,-122.3376088084,37.7972771869,29,5299.57928562
p_788331,-122.3391883306,37.7969322093,30,5443.86725122
p_788331,-122.3432468868,37.796352984,31,5807.05771943
p_788331,-122.3448432168,37.7960931829,32,5950.58103350
p_788331,-122.3478884814,37.7953776605,33,6230.30506591
p_788331,-122.3525279706,37.7939821072,34,6667.30884404
p_788331,-122.3539058115,37.7935849476,35,6796.42423658
p_788331,-122.3568452005,37.7930496976,36,7062.04970762
p_788331,-122.3587110736,37.792943657,37,7226.81443809
p_788331,-122.3608261557,37.7931102921,38,7414.02406358
p_788331,-122.3651975636,37.7936862001,39,7804.32025410
p_788331,-122.3685079323,37.7941457035,40,8100.31685422
p_788331,-122.369045148,37.7942269353,41,8148.48474581
p_788331,-122.3719014674,37.7949086101,42,8411.19169819
p_788331,-122.375092222,37.7957435755,43,8707.10708317
p_788331,-122.3766560147,37.7961603725,44,8852.40013856
p_788331,-122.3790075259,37.7965542196,45,9064.07205700
p_788331,-122.3806177999,37.7966956,46,9206.76158043
p_788331,-122.3836686912,37.7969694984,47,9477.18072585
p_788331,-122.3856711872,37.7971568022,48,9654.76950183
p_788331,-122.3865018841,37.7971012603,49,9728.19145851
p_788331,-122.387070592,37.7969346342,50,9781.58512681
p_788331,-122.3882207877,37.796409507,51,9898.45868849
p_788331,-122.3897288221,37.7956773524,52,10054.16690716
p_788331,-122.3901739317,37.7955198547,53,10097.09113803
p_788331,-122.39079,37.79436,54,10236.79455040
p_898865,-122.39156,37.79506,1,0.00000000
p_898865,-122.38932,37.79807,2,387.99074577
p_898865,-122.38805,37.80217,3,856.60468838
p_898865,-122.38539,37.81128,4,1894.52795332
p_898865,-122.38678,37.82495,5,3416.73087160
p_898865,-122.38897,37.83625,6,4685.68619834
p_898865,-122.38972,37.84358,7,5501.94224164
p_898865,-122.39087,37.85396,8,6658.49333501
p_898865,-122.39295,37.86815,9,8244.09593880
p_898865,-122.39555,37.88338,10,9949.94336000
p_898865,-122.39699,37.8941,11,11146.52650456
p_898865,-122.39733,37.89953,12,11749.96822915
p_898865,-122.39728,37.90235,13,12063.00389916
p_898865,-122.39687,37.90362,14,12208.50596785
p_898865,-122.39555,37.9057,15,12466.91855409
p_898865,-122.39335,37.90627,16,12670.47784667
p_898865,-122.38845,37.90581,17,13104.41962824
p_898865,-122.37801,37.90402,18,14043.82367151
p_898865,-122.36925,37.90281,19,14825.86267229
p_898865,-122.36538,37.90276,20,15166.26776509
p_898865,-122.36336,37.90339,21,15357.18914220
p_898865,-122.36221,37.90431,22,15500.91318823
p_898865,-122.36186,37.90616,23,15708.54759311
p_898865,-122.36152,37.90795,24,15909.46551312
p_898865,-122.36054,37.90881,25,16038.07041940
p_898865,-122.3592580247,37.9094690225,26,16172.45960722
p_898866,-122.3592775639,37.9094840203,1,0.00000000
p_898866,-122.36054,37.90881,2,133.87411300
p_898866,-122.3615209581,37.9079471855,3,262.76743749
p_898866,-122.3618606796,37.9061561549,4,463.79483011
p_898866,-122.3622124293,37.9043021016,5,671.89699432
p_898866,-122.3633615283,37.9033884324,6,815.06669142
p_898866,-122.365386045,37.9027563859,7,1006.44091460
p_898866,-122.3692627392,37.9028111957,8,1347.44378492
p_898866,-122.3780247704,37.9040236632,9,2129.70581526
p_898866,-122.3884584675,37.9058107034,10,3068.49860682
p_898866,-122.393364722,37.906269125,11,3502.96606339
p_898866,-122.3955544738,37.9056223895,12,3708.48674034
p_898866,-122.3968819596,37.9035874788,13,3962.73970188
p_898866,-122.3972795408,37.9023451368,14,4104.99729066
p_898866,-122.3973289171,37.89951917,15,4418.69440645
p_898866,-122.3969863852,37.8940804275,16,5023.11637344
p_898866,-122.3955523742,37.8833634878,17,6219.30608223
p_898866,-122.3929510486,37.868076549,18,7931.43209284
p_898866,-122.3908694105,37.8539508573,19,9509.96152418
p_898866,-122.3897201952,37.8435723068,20,10666.34630856
p_898866,-122.388967552,37.8361700111,21,11490.61933029
p_898866,-122.3867794309,37.824942126,22,12751.63862941
p_898866,-122.385395011,37.8112680332,23,14274.25493733
p_898866,-122.3880584529,37.8021403946,24,15314.15388073
p_898866,-122.3893256234,37.7980609247,25,15780.49561158
p_898866,-122.3915989588,37.7951250456,26,16162.95419567