shape_id,shape_pt_sequence,shape_pt_lat,shape_pt_lon
Blue0001,10001,47.676478,-122.256801
Blue0001,10002,47.676478,-122.257420
Blue0001,10003,47.676032,-122.257420
Blue0001,10004,47.675804,-122.257420
Blue0001,10005,47.675797,-122.257931
Blue0001,10006,47.675801,-122.258290
Blue0001,10007,47.675798,-122.259483
Blue0001,10008,47.675797,-122.261418
Blue0001,10009,47.675796,-122.261932
Blue0001,10010,47.675796,-122.262615
Blue0001,10011,47.675794,-122.262795
Blue0001,10012,47.675785,-122.262930
Blue0001,10013,47.675770,-122.263067
Blue0001,10014,47.675756,-122.263248
Blue0001,10015,47.675743,-122.263535
Blue0001,10016,47.675577,-122.263578
Blue0001,10017,47.675489,-122.263609
Blue0001,10018,47.675375,-122.263673
Blue0001,10019,47.675258,-122.263774
Blue0001,10020,47.675179,-122.263861
Blue0001,10021,47.675062,-122.264114
Blue0001,10022,47.673639,-122.266111
Blue0001,10023,47.672320,-122.267951
Blue0001,10024,47.672178,-122.268147
Blue0001,10025,47.671796,-122.268681
Blue0001,10026,47.671359,-122.269291
Blue0001,10027,47.670820,-122.270042
Blue0001,10028,47.670811,-122.270056
Blue0001,20001,47.670811,-122.270056
Blue0001,20002,47.670015,-122.271171
Blue0001,20003,47.668902,-122.272739
Blue0001,20004,47.668766,-122.272977
Blue0001,20005,47.668635,-122.273243
Blue0001,20006,47.668478,-122.273651
Blue0001,20007,47.668412,-122.273921
Blue0001,20008,47.668363,-122.274149
Blue0001,20009,47.668331,-122.274432
Blue0001,20010,47.668304,-122.274784
Blue0001,20011,47.668304,-122.275123
Blue0001,20012,47.668359,-122.275768
Blue0001,20013,47.668436,-122.276779
Blue0001,20014,47.668449,-122.277100
Blue0001,20015,47.668447,-122.277372
Blue0001,20016,47.668440,-122.277697
Blue0001,20017,47.668401,-122.278134
Blue0001,20018,47.668339,-122.278536
Blue0001,20019,47.668254,-122.278887
Blue0001,20020,47.668161,-122.279158
Blue0001,20021,47.668023,-122.279485
Blue0001,20022,47.667876,-122.279741
Blue0001,20023,47.667704,-122.279996
Blue0001,20024,47.667480,-122.280241
Blue0001,20025,47.667155,-122.280575
Blue0001,20026,47.666841,-122.280909
Blue0001,20027,47.666266,-122.281496
Blue0001,20028,47.665799,-122.281983
Blue0001,20029,47.665347,-122.282459
Blue0001,20030,47.664888,-122.282921
Blue0001,20031,47.664659,-122.283170
Blue0001,20032,47.664496,-122.283345
Blue0001,20033,47.664443,-122.283217
Blue0001,20034,47.664392,-122.283080
Blue0001,20035,47.664348,-122.282969
Blue0001,20036,47.664295,-122.282888
Blue0001,20037,47.664213,-122.282803
Blue0001,20038,47.664175,-122.282852
Blue0001,20039,47.664079,-122.282952
Blue0001,20040,47.663936,-122.283004
Blue0001,20041,47.663813,-122.282984
Blue0001,20042,47.663667,-122.282970
Blue0001,20043,47.663560,-122.282973
Blue0001,20044,47.663542,-122.282965
Blue0002,10001,47.663542,-122.282965
Blue0002,10002,47.663493,-122.282945
Blue0002,10003,47.663430,-122.282971
Blue0002,10004,47.663365,-122.282929
Blue0002,10005,47.663355,-122.282858
Blue0002,10006,47.663369,-122.282756
Blue0002,10007,47.663428,-122.282714
Blue0002,10008,47.663490,-122.282754
Blue0002,10009,47.663517,-122.282846
Blue0002,10010,47.663510,-122.282924
Blue0002,10011,47.663493,-122.282945
Blue0002,10012,47.663560,-122.282973
Blue0002,10013,47.663667,-122.282970
Blue0002,10014,47.663813,-122.282984
Blue0002,10015,47.663936,-122.283004
Blue0002,10016,47.664079,-122.282952
Blue0002,10017,47.664175,-122.282852
Blue0002,10018,47.664213,-122.282803
Blue0002,10019,47.664295,-122.282888
Blue0002,10020,47.664348,-122.282969
Blue0002,10021,47.664392,-122.283080
Blue0002,10022,47.664443,-122.283217
Blue0002,10023,47.664592,-122.283054
Blue0002,10024,47.664886,-122.282751
Blue0002,10025,47.665633,-122.281972
Blue0002,10026,47.665940,-122.281664
Blue0002,10027,47.666361,-122.281225
Blue0002,10028,47.666784,-122.280782
Blue0002,10029,47.667123,-122.280420
Blue0002,10030,47.667613,-122.279914
Blue0002,10031,47.667800,-122.279646
Blue0002,10032,47.668016,-122.279227
Blue0002,10033,47.668162,-122.278809
Blue0002,10034,47.668252,-122.278422
Blue0002,10035,47.668315,-122.277959
Blue0002,10036,47.668352,-122.277367
Blue0002,10037,47.668348,-122.276961
Blue0002,10038,47.668325,-122.276624
Blue0002,10039,47.668252,-122.275784
Blue0002,10040,47.668207,-122.275249
Blue0002,10041,47.668197,-122.274930
Blue0002,10042,47.668212,-122.274593
Blue0002,10043,47.668248,-122.274302
Blue0002,10044,47.668278,-122.274114
Blue0002,10045,47.668316,-122.273929
Blue0002,10046,47.668349,-122.273781
Blue0002,10047,47.668398,-122.273598
Blue0002,10048,47.668459,-122.273411
Blue0002,10049,47.668519,-122.273249
Blue0002,10050,47.668612,-122.273040
Blue0002,10051,47.668715,-122.272836
Blue0002,10052,47.668775,-122.272725
Blue0002,10053,47.669056,-122.272299
Blue0002,10054,47.669402,-122.271797
Blue0002,10055,47.669946,-122.271063
Blue0002,10056,47.670118,-122.270822
Blue0002,20001,47.670118,-122.270822
Blue0002,20002,47.670754,-122.269933
Blue0002,20003,47.671523,-122.268845
Blue0002,20004,47.671726,-122.268567
Blue0002,20005,47.672115,-122.268027
Blue0002,20006,47.672838,-122.267012
Blue0002,20007,47.673370,-122.266254
Blue0002,20008,47.673564,-122.265977
Blue0002,20009,47.674282,-122.264945
Blue0002,20010,47.674994,-122.263974
Blue0002,20011,47.675179,-122.263861
Blue0002,20012,47.675258,-122.263774
Blue0002,20013,47.675375,-122.263673
Blue0002,20014,47.675489,-122.263609
Blue0002,20015,47.675577,-122.263578
Blue0002,20016,47.675743,-122.263535
Blue0002,20017,47.675756,-122.263248
Blue0002,20018,47.675770,-122.263067
Blue0002,20019,47.675785,-122.262930
Blue0002,20020,47.675794,-122.262795
Blue0002,20021,47.675796,-122.262615
Blue0002,20022,47.675796,-122.261932
Blue0002,20023,47.675797,-122.261418
Blue0002,20024,47.675798,-122.259483
Blue0002,20025,47.675801,-122.258290
Blue0002,20026,47.675797,-122.257931
Blue0002,20027,47.675804,-122.257420
Blue0002,20028,47.676032,-122.257420
Blue0002,20029,47.676032,-122.255950
Blue0002,20030,47.676478,-122.255950
Blue0002,20031,47.676478,-122.256801
Blue0003,10001,47.676478,-122.256801
Blue0003,10002,47.676478,-122.257420
Blue0003,10003,47.676032,-122.257420
Blue0003,10004,47.675804,-122.257420
Blue0003,10005,47.675797,-122.257931
Blue0003,10006,47.675801,-122.258290
Blue0003,10007,47.675798,-122.259483
Blue0003,10008,47.675915,-122.259486
Blue0003,10009,47.676045,-122.259504
Blue0003,10010,47.676133,-122.259538
Blue0003,10011,47.676251,-122.259615
Blue0003,10012,47.677276,-122.260415
Blue0003,10013,47.677486,-122.260519
Blue0003,10014,47.677647,-122.260566
Blue0003,10015,47.677858,-122.260581
Blue0003,10016,47.678639,-122.260617
Blue0003,10017,47.678762,-122.260635
Blue0003,10018,47.678867,-122.260674
Blue0003,10019,47.679171,-122.260973
Blue0003,10020,47.679280,-122.261012
Blue0003,10021,47.680366,-122.261023
Blue0003,10022,47.680477,-122.260970
Blue0003,10023,47.680582,-122.260888
Blue0003,10024,47.680655,-122.260784
Blue0003,10025,47.680846,-122.260331
Blue0003,10026,47.680948,-122.260207
Blue0003,10027,47.681058,-122.260147
Blue0003,10028,47.681682,-122.260150
Blue0003,10029,47.681770,-122.260175
Blue0003,10030,47.681825,-122.260207
Blue0003,10031,47.681872,-122.260251
Blue0003,10032,47.681922,-122.260317
Blue0003,10033,47.681969,-122.260366
Blue0003,10034,47.682020,-122.260393
Blue0003,10035,47.682142,-122.260395
Blue0003,10036,47.682137,-122.261106
Blue0003,10037,47.682127,-122.261672
Blue0003,10038,47.682129,-122.262239
Blue0003,10039,47.682129,-122.263299
Blue0003,10040,47.682128,-122.263669
Blue0003,10041,47.679366,-122.263619
Blue0003,10042,47.678732,-122.263604
Blue0003,20001,47.678732,-122.263604
Blue0003,20002,47.676672,-122.263556
Blue0003,20003,47.675881,-122.263527
Blue0003,20004,47.675743,-122.263535
Blue0003,20005,47.675577,-122.263578
Blue0003,20006,47.675489,-122.263609
Blue0003,20007,47.675375,-122.263673
Blue0003,20008,47.675258,-122.263774
Blue0003,20009,47.675179,-122.263861
Blue0003,20010,47.675062,-122.264114
Blue0003,20011,47.673639,-122.266111
Blue0003,20012,47.672320,-122.267951
Blue0003,20013,47.672178,-122.268147
Blue0003,20014,47.671796,-122.268681
Blue0003,20015,47.671359,-122.269291
Blue0003,20016,47.670820,-122.270042
Blue0003,20017,47.670811,-122.270056
Blue0003,30001,47.670811,-122.270056
Blue0003,30002,47.670015,-122.271171
Blue0003,30003,47.668902,-122.272739
Blue0003,30004,47.668766,-122.272977
Blue0003,30005,47.668635,-122.273243
Blue0003,30006,47.668478,-122.273651
Blue0003,30007,47.668412,-122.273921
Blue0003,30008,47.668363,-122.274149
Blue0003,30009,47.668331,-122.274432
Blue0003,30010,47.668304,-122.274784
Blue0003,30011,47.668304,-122.275123
Blue0003,30012,47.668359,-122.275768
Blue0003,30013,47.668436,-122.276779
Blue0003,30014,47.668449,-122.277100
Blue0003,30015,47.668447,-122.277372
Blue0003,30016,47.668440,-122.277697
Blue0003,30017,47.668401,-122.278134
Blue0003,30018,47.668339,-122.278536
Blue0003,30019,47.668254,-122.278887
Blue0003,30020,47.668161,-122.279158
Blue0003,30021,47.668023,-122.279485
Blue0003,30022,47.667876,-122.279741
Blue0003,30023,47.667704,-122.279996
Blue0003,30024,47.667480,-122.280241
Blue0003,30025,47.667155,-122.280575
Blue0003,30026,47.666841,-122.280909
Blue0003,30027,47.666266,-122.281496
Blue0003,30028,47.665799,-122.281983
Blue0003,30029,47.665347,-122.282459
Blue0003,30030,47.664888,-122.282921
Blue0003,30031,47.664659,-122.283170
Blue0003,30032,47.664496,-122.283345
Blue0003,30033,47.664443,-122.283217
Blue0003,30034,47.664392,-122.283080
Blue0003,30035,47.664348,-122.282969
Blue0003,30036,47.664295,-122.282888
Blue0003,30037,47.664213,-122.282803
Blue0003,30038,47.664175,-122.282852
Blue0003,30039,47.664079,-122.282952
Blue0003,30040,47.663936,-122.283004
Blue0003,30041,47.663813,-122.282984
Blue0003,30042,47.663667,-122.282970
Blue0003,30043,47.663560,-122.282973
Blue0003,30044,47.663542,-122.282965
Blue0005,10001,47.663542,-122.282965
Blue0005,10002,47.663493,-122.282945
Blue0005,10003,47.663430,-122.282971
Blue0005,10004,47.663365,-122.282929
Blue0005,10005,47.663355,-122.282858
Blue0005,10006,47.663369,-122.282756
Blue0005,10007,47.663428,-122.282714
Blue0005,10008,47.663490,-122.282754
Blue0005,10009,47.663517,-122.282846
Blue0005,10010,47.663510,-122.282924
Blue0005,10011,47.663493,-122.282945
Blue0005,10012,47.663560,-122.282973
Blue0005,10013,47.663667,-122.282970
Blue0005,10014,47.663813,-122.282984
Blue0005,10015,47.663936,-122.283004
Blue0005,10016,47.664079,-122.282952
Blue0005,10017,47.664175,-122.282852
Blue0005,10018,47.664213,-122.282803
Blue0005,10019,47.664295,-122.282888
Blue0005,10020,47.664348,-122.282969
Blue0005,10021,47.664392,-122.283080
Blue0005,10022,47.664443,-122.283217
Blue0005,10023,47.664592,-122.283054
Blue0005,10024,47.664886,-122.282751
Blue0005,10025,47.665633,-122.281972
Blue0005,10026,47.665940,-122.281664
Blue0005,10027,47.666361,-122.281225
Blue0005,10028,47.666784,-122.280782
Blue0005,10029,47.667123,-122.280420
Blue0005,10030,47.667613,-122.279914
Blue0005,10031,47.667800,-122.279646
Blue0005,10032,47.668016,-122.279227
Blue0005,10033,47.668162,-122.278809
Blue0005,10034,47.668252,-122.278422
Blue0005,10035,47.668315,-122.277959
Blue0005,10036,47.668352,-122.277367
Blue0005,10037,47.668348,-122.276961
Blue0005,10038,47.668325,-122.276624
Blue0005,10039,47.668252,-122.275784
Blue0005,10040,47.668207,-122.275249
Blue0005,10041,47.668197,-122.274930
Blue0005,10042,47.668212,-122.274593
Blue0005,10043,47.668248,-122.274302
Blue0005,10044,47.668278,-122.274114
Blue0005,10045,47.668316,-122.273929
Blue0005,10046,47.668349,-122.273781
Blue0005,10047,47.668398,-122.273598
Blue0005,10048,47.668459,-122.273411
Blue0005,10049,47.668519,-122.273249
Blue0005,10050,47.668612,-122.273040
Blue0005,10051,47.668715,-122.272836
Blue0005,10052,47.668775,-122.272725
Blue0005,10053,47.669056,-122.272299
Blue0005,10054,47.669402,-122.271797
Blue0005,10055,47.669946,-122.271063
Blue0005,10056,47.670118,-122.270822
Blue0005,20001,47.670118,-122.270822
Blue0005,20002,47.670754,-122.269933
Blue0005,20003,47.671523,-122.268845
Blue0005,20004,47.671726,-122.268567
Blue0005,20005,47.672115,-122.268027
Blue0005,20006,47.672838,-122.267012
Blue0005,20007,47.673370,-122.266254
Blue0005,20008,47.673564,-122.265977
Blue0005,20009,47.674282,-122.264945
Blue0005,20010,47.674994,-122.263974
Blue0005,20011,47.675179,-122.263861
Blue0005,20012,47.675258,-122.263774
Blue0005,20013,47.675375,-122.263673
Blue0005,20014,47.675489,-122.263609
Blue0005,20015,47.675577,-122.263578
Blue0005,20016,47.675743,-122.263535
Blue0005,20017,47.675756,-122.263248
Blue0005,20018,47.675770,-122.263067
Blue0005,20019,47.675785,-122.262930
Blue0005,20020,47.675794,-122.262795
Blue0005,20021,47.675796,-122.262615
Blue0005,20022,47.675796,-122.261932
Blue0005,20023,47.675797,-122.261418
Blue0005,20024,47.675798,-122.259483
Blue0005,20025,47.675915,-122.259486
Blue0005,20026,47.676045,-122.259504
Blue0005,20027,47.676133,-122.259538
Blue0005,20028,47.676251,-122.259615
Blue0005,20029,47.677276,-122.260415
Blue0005,20030,47.677486,-122.260519
Blue0005,20031,47.677647,-122.260566
Blue0005,20032,47.677858,-122.260581
Blue0005,20033,47.678639,-122.260617
Blue0005,20034,47.678762,-122.260635
Blue0005,20035,47.678867,-122.260674
Blue0005,20036,47.679171,-122.260973
Blue0005,20037,47.679280,-122.261012
Blue0005,20038,47.680366,-122.261023
Blue0005,20039,47.680477,-122.260970
Blue0005,20040,47.680582,-122.260888
Blue0005,20041,47.680655,-122.260784
Blue0005,20042,47.680846,-122.260331
Blue0005,20043,47.680948,-122.260207
Blue0005,20044,47.681058,-122.260147
Blue0005,20045,47.681682,-122.260150
Blue0005,20046,47.681770,-122.260175
Blue0005,20047,47.681825,-122.260207
Blue0005,20048,47.681872,-122.260251
Blue0005,20049,47.681922,-122.260317
Blue0005,20050,47.681969,-122.260366
Blue0005,20051,47.682020,-122.260393
Blue0005,20052,47.682142,-122.260395
Blue0005,20053,47.682137,-122.261106
Blue0005,20054,47.682127,-122.261672
Blue0005,20055,47.682129,-122.262239
Blue0005,20056,47.682129,-122.263299
Blue0005,20057,47.682128,-122.263669
Blue0005,20058,47.679366,-122.263619
Blue0005,20059,47.678732,-122.263604
Blue0005,30001,47.678732,-122.263604
Blue0005,30002,47.676672,-122.263556
Blue0005,30003,47.675881,-122.263527
Blue0005,30004,47.675743,-122.263535
Blue0005,30005,47.675756,-122.263248
Blue0005,30006,47.675770,-122.263067
Blue0005,30007,47.675785,-122.262930
Blue0005,30008,47.675794,-122.262795
Blue0005,30009,47.675796,-122.262615
Blue0005,30010,47.675796,-122.261932
Blue0005,30011,47.675797,-122.261418
Blue0005,30012,47.675798,-122.259483
Blue0005,30013,47.675801,-122.258290
Blue0005,30014,47.675797,-122.257931
Blue0005,30015,47.675804,-122.257420
Blue0005,30016,47.676032,-122.257420
Blue0005,30017,47.676032,-122.255950
Blue0005,30018,47.676478,-122.255950
Blue0005,30019,47.676478,-122.256801
Blue0008,10001,47.676478,-122.256801
Blue0008,10002,47.676478,-122.257420
Blue0008,10003,47.676032,-122.257420
Blue0008,10004,47.675804,-122.257420
Blue0008,10005,47.675797,-122.257931
Blue0008,10006,47.675801,-122.258290
Blue0008,10007,47.675798,-122.259483
Blue0008,10008,47.675797,-122.261418
Blue0008,10009,47.675796,-122.261932
Blue0008,10010,47.675796,-122.262615
Blue0008,10011,47.675794,-122.262795
Blue0008,10012,47.675785,-122.262930
Blue0008,10013,47.675770,-122.263067
Blue0008,10014,47.675756,-122.263248
Blue0008,10015,47.675743,-122.263535
Blue0008,10016,47.675577,-122.263578
Blue0008,10017,47.675489,-122.263609
Blue0008,10018,47.675375,-122.263673
Blue0008,10019,47.675258,-122.263774
Blue0008,10020,47.675179,-122.263861
Blue0008,10021,47.675062,-122.264114
Blue0008,10022,47.673639,-122.266111
Blue0008,10023,47.672320,-122.267951
Blue0008,10024,47.672178,-122.268147
Blue0008,10025,47.671796,-122.268681
Blue0008,10026,47.671359,-122.269291
Blue0008,10027,47.670820,-122.270042
Blue0008,10028,47.670811,-122.270056
Blue0008,20001,47.670811,-122.270056
Blue0008,20002,47.670015,-122.271171
Blue0008,20003,47.668902,-122.272739
Blue0008,20004,47.668766,-122.272977
Blue0008,20005,47.668635,-122.273243
Blue0008,20006,47.668478,-122.273651
Blue0008,20007,47.668412,-122.273921
Blue0008,20008,47.668363,-122.274149
Blue0008,20009,47.668331,-122.274432
Blue0008,20010,47.668304,-122.274784
Blue0008,20011,47.668304,-122.275123
Blue0008,20012,47.668359,-122.275768
Blue0008,20013,47.668436,-122.276779
Blue0008,20014,47.668449,-122.277100
Blue0008,20015,47.668447,-122.277372
Blue0008,20016,47.668440,-122.277697
Blue0008,20017,47.668401,-122.278134
Blue0008,20018,47.668339,-122.278536
Blue0008,20019,47.668254,-122.278887
Blue0008,20020,47.668161,-122.279158
Blue0008,20021,47.668023,-122.279485
Blue0008,20022,47.667876,-122.279741
Blue0008,20023,47.667704,-122.279996
Blue0008,20024,47.667480,-122.280241
Blue0008,20025,47.667155,-122.280575
Blue0008,20026,47.666841,-122.280909
Blue0008,20027,47.666266,-122.281496
Blue0008,20028,47.665799,-122.281983
Blue0008,20029,47.665347,-122.282459
Blue0008,20030,47.664888,-122.282921
Blue0008,20031,47.664659,-122.283170
Blue0008,20032,47.664496,-122.283345
Blue0008,20033,47.664443,-122.283217
Blue0008,20034,47.664392,-122.283080
Blue0008,20035,47.664348,-122.282969
Blue0008,20036,47.664295,-122.282888
Blue0008,20037,47.664213,-122.282803
Blue0008,20038,47.664175,-122.282852
Blue0008,20039,47.664079,-122.282952
Blue0008,20040,47.663936,-122.283004
Blue0008,20041,47.663813,-122.282984
Blue0008,20042,47.663667,-122.282970
Blue0008,20043,47.663560,-122.282973
Blue0008,20044,47.663542,-122.282965
Blue0009,10001,47.663542,-122.282965
Blue0009,10002,47.663493,-122.282945
Blue0009,10003,47.663430,-122.282971
Blue0009,10004,47.663365,-122.282929
Blue0009,10005,47.663355,-122.282858
Blue0009,10006,47.663369,-122.282756
Blue0009,10007,47.663428,-122.282714
Blue0009,10008,47.663490,-122.282754
Blue0009,10009,47.663517,-122.282846
Blue0009,10010,47.663510,-122.282924
Blue0009,10011,47.663493,-122.282945
Blue0009,10012,47.663560,-122.282973
Blue0009,10013,47.663667,-122.282970
Blue0009,10014,47.663813,-122.282984
Blue0009,10015,47.663936,-122.283004
Blue0009,10016,47.664079,-122.282952
Blue0009,10017,47.664175,-122.282852
Blue0009,10018,47.664213,-122.282803
Blue0009,10019,47.664295,-122.282888
Blue0009,10020,47.664348,-122.282969
Blue0009,10021,47.664392,-122.283080
Blue0009,10022,47.664443,-122.283217
Blue0009,10023,47.664592,-122.283054
Blue0009,10024,47.664886,-122.282751
Blue0009,10025,47.665633,-122.281972
Blue0009,10026,47.665940,-122.281664
Blue0009,10027,47.666361,-122.281225
Blue0009,10028,47.666784,-122.280782
Blue0009,10029,47.667123,-122.280420
Blue0009,10030,47.667613,-122.279914
Blue0009,10031,47.667800,-122.279646
Blue0009,10032,47.668016,-122.279227
Blue0009,10033,47.668162,-122.278809
Blue0009,10034,47.668252,-122.278422
Blue0009,10035,47.668315,-122.277959
Blue0009,10036,47.668352,-122.277367
Blue0009,10037,47.668348,-122.276961
Blue0009,10038,47.668325,-122.276624
Blue0009,10039,47.668252,-122.275784
Blue0009,10040,47.668207,-122.275249
Blue0009,10041,47.668197,-122.274930
Blue0009,10042,47.668212,-122.274593
Blue0009,10043,47.668248,-122.274302
Blue0009,10044,47.668278,-122.274114
Blue0009,10045,47.668316,-122.273929
Blue0009,10046,47.668349,-122.273781
Blue0009,10047,47.668398,-122.273598
Blue0009,10048,47.668459,-122.273411
Blue0009,10049,47.668519,-122.273249
Blue0009,10050,47.668612,-122.273040
Blue0009,10051,47.668715,-122.272836
Blue0009,10052,47.668775,-122.272725
Blue0009,10053,47.669056,-122.272299
Blue0009,10054,47.669402,-122.271797
Blue0009,10055,47.669946,-122.271063
Blue0009,10056,47.670118,-122.270822
Blue0009,20001,47.670118,-122.270822
Blue0009,20002,47.670754,-122.269933
Blue0009,20003,47.671523,-122.268845
Blue0009,20004,47.671726,-122.268567
Blue0009,20005,47.672115,-122.268027
Blue0009,20006,47.672838,-122.267012
Blue0009,20007,47.673370,-122.266254
Blue0009,20008,47.673564,-122.265977
Blue0009,20009,47.674282,-122.264945
Blue0009,20010,47.674994,-122.263974
Blue0009,20011,47.675179,-122.263861
Blue0009,20012,47.675258,-122.263774
Blue0009,20013,47.675375,-122.263673
Blue0009,20014,47.675489,-122.263609
Blue0009,20015,47.675577,-122.263578
Blue0009,20016,47.675743,-122.263535
Blue0009,20017,47.675756,-122.263248
Blue0009,20018,47.675770,-122.263067
Blue0009,20019,47.675785,-122.262930
Blue0009,20020,47.675794,-122.262795
Blue0009,20021,47.675796,-122.262615
Blue0009,20022,47.675796,-122.261932
Blue0009,20023,47.675797,-122.261418
Blue0009,20024,47.675798,-122.259483
Blue0009,20025,47.675801,-122.258290
Blue0009,20026,47.675797,-122.257931
Blue0009,20027,47.675804,-122.257420
Blue0009,20028,47.676032,-122.257420
Blue0009,20029,47.676032,-122.255950
Blue0009,20030,47.676478,-122.255950
Blue0009,20031,47.676478,-122.256801
Gold0003,10001,47.663542,-122.282965
Gold0003,10002,47.663493,-122.282945
Gold0003,10003,47.663430,-122.282971
Gold0003,10004,47.663365,-122.282929
Gold0003,10005,47.663355,-122.282858
Gold0003,10006,47.663369,-122.282756
Gold0003,10007,47.663428,-122.282714
Gold0003,10008,47.663490,-122.282754
Gold0003,10009,47.663517,-122.282846
Gold0003,10010,47.663510,-122.282924
Gold0003,10011,47.663493,-122.282945
Gold0003,10012,47.663560,-122.282973
Gold0003,10013,47.663667,-122.282970
Gold0003,10014,47.663813,-122.282984
Gold0003,10015,47.663936,-122.283004
Gold0003,10016,47.664079,-122.282952
Gold0003,10017,47.664175,-122.282852
Gold0003,10018,47.664213,-122.282803
Gold0003,10019,47.664295,-122.282888
Gold0003,10020,47.664348,-122.282969
Gold0003,10021,47.664392,-122.283080
Gold0003,10022,47.664443,-122.283217
Gold0003,10023,47.664496,-122.283345
Gold0003,10024,47.663791,-122.284083
Gold0003,10025,47.663271,-122.284630
Gold0003,10026,47.663027,-122.284773
Gold0003,10027,47.662435,-122.285380
Gold0003,10028,47.662229,-122.285606
Gold0003,10029,47.662044,-122.285822
Gold0003,10030,47.661836,-122.286133
Gold0003,10031,47.661702,-122.286388
Gold0003,10032,47.661565,-122.286672
Gold0003,10033,47.661449,-122.286974
Gold0003,10034,47.661374,-122.287180
Gold0003,10035,47.661277,-122.287607
Gold0003,10036,47.661212,-122.287962
Gold0003,10037,47.661175,-122.288205
Gold0003,10038,47.661141,-122.288485
Gold0003,10039,47.661120,-122.288979
Gold0003,10040,47.661123,-122.289221
Gold0003,10041,47.661213,-122.292411
Gold0003,10042,47.661224,-122.292848
Gold0003,10043,47.660341,-122.292122
Gold0003,10044,47.660315,-122.292100
Gold0003,10045,47.659927,-122.293327
Gold0003,10046,47.659863,-122.293451
Gold0003,10047,47.659733,-122.293616
Gold0003,10048,47.659550,-122.293879
Gold0003,10049,47.659470,-122.294106
Gold0003,10050,47.659165,-122.295031
Gold0003,10051,47.659010,-122.295477
Gold0003,10052,47.658847,-122.295978
Gold0003,10053,47.658643,-122.296711
Gold0003,10054,47.658518,-122.297160
Gold0003,10055,47.658460,-122.298300
Gold0003,10056,47.658517,-122.298613
Gold0003,10057,47.658118,-122.298812
Gold0003,20001,47.658050,-122.298835
Gold0003,20002,47.657844,-122.298930
Gold0003,20003,47.657322,-122.299184
Gold0003,20004,47.657110,-122.299263
Gold0003,20005,47.655729,-122.299547
Gold0003,20006,47.655679,-122.299568
Gold0003,20007,47.655497,-122.299767
Gold0003,20008,47.655429,-122.299801
Gold0003,20009,47.655354,-122.299684
Gold0003,20010,47.655257,-122.299647
Gold0003,20011,47.653911,-122.300059
Gold0003,20012,47.653058,-122.300293
Gold0003,20013,47.652557,-122.300255
Gold0003,20014,47.652495,-122.300095
Gold0003,20015,47.652429,-122.299896
Gold0003,20016,47.652295,-122.299200
Gold0003,20017,47.652185,-122.298781
Gold0003,20018,47.652122,-122.298688
Gold0003,20019,47.652064,-122.298634
Gold0003,20020,47.651972,-122.298599
Gold0003,20021,47.651846,-122.298638
Gold0003,20022,47.650734,-122.299099
Gold0003,20023,47.650723,-122.299104
Gold0003,20024,47.650045,-122.299108
Gold0003,20025,47.649923,-122.299103
Gold0003,20026,47.649828,-122.299116
Gold0003,20027,47.649524,-122.299217
Gold0003,20028,47.649421,-122.299273
Gold0003,20029,47.649428,-122.299384
Gold0003,20030,47.649399,-122.299488
Gold0003,20031,47.648941,-122.299871
Gold0003,20032,47.648851,-122.299987
Gold0003,20033,47.648777,-122.300267
Gold0003,20034,47.648938,-122.300752
Gold0003,20035,47.649002,-122.300924
Gold0003,20036,47.649953,-122.306440
Gold0003,20037,47.649750,-122.306090
Gold0003,20038,47.649810,-122.304485
Gold0003,20039,47.650806,-122.304075
Gold0003,20040,47.651345,-122.303756
Gold0004,10001,47.663542,-122.282965
Gold0004,10002,47.663493,-122.282945
Gold0004,10003,47.663430,-122.282971
Gold0004,10004,47.663365,-122.282929
Gold0004,10005,47.663355,-122.282858
Gold0004,10006,47.663369,-122.282756
Gold0004,10007,47.663428,-122.282714
Gold0004,10008,47.663490,-122.282754
Gold0004,10009,47.663517,-122.282846
Gold0004,10010,47.663510,-122.282924
Gold0004,10011,47.663493,-122.282945
Gold0004,10012,47.663560,-122.282973
Gold0004,10013,47.663667,-122.282970
Gold0004,10014,47.663813,-122.282984
Gold0004,10015,47.663936,-122.283004
Gold0004,10016,47.664079,-122.282952
Gold0004,10017,47.664175,-122.282852
Gold0004,10018,47.664213,-122.282803
Gold0004,10019,47.664295,-122.282888
Gold0004,10020,47.664348,-122.282969
Gold0004,10021,47.664392,-122.283080
Gold0004,10022,47.664443,-122.283217
Gold0004,10023,47.664496,-122.283345
Gold0004,10024,47.663791,-122.284083
Gold0004,10025,47.663271,-122.284630
Gold0004,10026,47.663027,-122.284773
Gold0004,10027,47.662435,-122.285380
Gold0004,10028,47.662229,-122.285606
Gold0004,10029,47.662044,-122.285822
Gold0004,10030,47.661836,-122.286133
Gold0004,10031,47.661702,-122.286388
Gold0004,10032,47.661565,-122.286672
Gold0004,10033,47.661449,-122.286974
Gold0004,10034,47.661374,-122.287180
Gold0004,10035,47.661277,-122.287607
Gold0004,10036,47.661212,-122.287962
Gold0004,10037,47.661175,-122.288205
Gold0004,10038,47.661141,-122.288485
Gold0004,10039,47.661120,-122.288979
Gold0004,10040,47.661123,-122.289221
Gold0004,10041,47.661213,-122.292411
Gold0004,10042,47.661224,-122.292848
Gold0004,10043,47.661209,-122.295929
Gold0004,10044,47.661209,-122.296665
Gold0004,10045,47.661250,-122.296827
Gold0004,10046,47.661256,-122.296978
Gold0004,10047,47.661253,-122.297193
Gold0004,10048,47.661238,-122.297525
Gold0004,10049,47.661201,-122.297878
Gold0004,10050,47.661150,-122.298171
Gold0004,10051,47.661105,-122.298384
Gold0004,10052,47.661053,-122.298609
Gold0004,10053,47.660982,-122.298848
Gold0004,10054,47.660902,-122.299076
Gold0004,10055,47.660806,-122.299309
Gold0004,10056,47.660719,-122.299506
Gold0004,10057,47.660611,-122.299712
Gold0004,10058,47.660545,-122.299834
Gold0004,10059,47.660455,-122.299952
Gold0004,10060,47.660350,-122.300010
Gold0004,10061,47.660017,-122.300398
Gold0004,10062,47.659804,-122.300600
Gold0004,10063,47.659542,-122.300793
Gold0004,10064,47.658982,-122.301139
Gold0004,10065,47.658101,-122.301488
Gold0004,10066,47.656880,-122.301831
Gold0004,10067,47.655990,-122.302096
Gold0004,10068,47.655652,-122.302197
Gold0004,10069,47.654971,-122.302401
Gold0004,10070,47.653447,-122.302863
Gold0004,10071,47.652848,-122.303016
Gold0004,10072,47.652795,-122.303032
Gold0004,10073,47.652677,-122.303060
Gold0004,10074,47.652442,-122.303151
Gold0004,10075,47.652113,-122.303296
Gold0004,10076,47.651771,-122.303469
Gold0004,10077,47.651653,-122.303537
Gold0004,10078,47.651037,-122.303902
Gold0004,10079,47.650658,-122.304107
Gold0004,10080,47.650467,-122.304211
Gold0004,10081,47.650277,-122.304299
Gold0004,10082,47.650070,-122.304378
Gold0004,10083,47.649517,-122.304554
Gold0004,10084,47.648993,-122.304597
Gold0004,10085,47.649320,-122.305225
Gold0004,10086,47.649852,-122.306300
Gold0004,10087,47.650525,-122.307631
Gold0004,10088,47.650603,-122.307210
Gold0004,10089,47.650566,-122.306372
Gold0004,10090,47.650603,-122.305871
Gold0004,10091,47.650736,-122.305235
Gold0004,10092,47.650892,-122.304800
Gold0004,10093,47.650984,-122.304516
Gold0004,10094,47.651061,-122.304089
Gold0004,10095,47.651103,-122.303898
Gold0004,10096,47.651372,-122.303727
Gold0005,10016,47.651391,-122.303692
Gold0005,20001,47.651391,-122.303692
Gold0005,20002,47.651653,-122.303537
Gold0005,20003,47.651771,-122.303469
Gold0005,20004,47.652113,-122.303296
Gold0005,20005,47.652442,-122.303151
Gold0005,20006,47.652677,-122.303060
Gold0005,20007,47.652795,-122.303032
Gold0005,20008,47.652848,-122.303016
Gold0005,20009,47.653447,-122.302863
Gold0005,20010,47.654971,-122.302401
Gold0005,20011,47.655032,-122.302238
Gold0005,20012,47.655084,-122.302114
Gold0005,20013,47.655151,-122.302073
Gold0005,20014,47.655269,-122.302031
Gold0005,20015,47.655357,-122.301989
Gold0005,20016,47.655481,-122.301873
Gold0005,20017,47.655520,-122.301812
Gold0005,20018,47.655552,-122.301717
Gold0005,20019,47.655604,-122.301087
Gold0005,20020,47.655429,-122.299801
Gold0005,20021,47.655497,-122.299767
Gold0005,20022,47.655679,-122.299568
Gold0005,20023,47.655729,-122.299547
Gold0005,20024,47.657110,-122.299263
Gold0005,20025,47.657322,-122.299184
Gold0005,20026,47.657536,-122.299064
Gold0005,20031,47.657832,-122.298918
Gold0005,30001,47.658219,-122.298754
Gold0005,30002,47.658409,-122.298646
Gold0005,30006,47.658750,-122.298549
Gold0005,30007,47.659973,-122.299476
Gold0005,30008,47.660162,-122.299689
Gold0005,30009,47.660350,-122.300010
Gold0005,30010,47.660402,-122.299810
Gold0005,30011,47.660549,-122.299557
Gold0005,30012,47.660669,-122.299294
Gold0005,30013,47.660802,-122.298971
Gold0005,30014,47.660947,-122.298509
Gold0005,30015,47.661040,-122.298144
Gold0005,30016,47.661095,-122.297880
Gold0005,30017,47.661139,-122.297608
Gold0005,30018,47.661161,-122.297329
Gold0005,30019,47.661170,-122.296906
Gold0005,30020,47.661182,-122.296799
Gold0005,30021,47.661209,-122.296665
Gold0005,30022,47.661209,-122.295929
Gold0005,30023,47.661224,-122.292848
Gold0005,30024,47.661213,-122.292411
Gold0005,30025,47.661123,-122.289221
Gold0005,30026,47.661120,-122.288979
Gold0005,30027,47.661141,-122.288485
Gold0005,30028,47.661175,-122.288205
Gold0005,30029,47.661212,-122.287962
Gold0005,30030,47.661277,-122.287607
Gold0005,30031,47.661374,-122.287180
Gold0005,30032,47.661449,-122.286974
Gold0005,30033,47.661565,-122.286672
Gold0005,30034,47.661702,-122.286388
Gold0005,30035,47.661836,-122.286133
Gold0005,30036,47.662044,-122.285822
Gold0005,30037,47.662229,-122.285606
Gold0005,30038,47.662435,-122.285380
Gold0005,30039,47.663027,-122.284773
Gold0005,30040,47.663209,-122.284498
Gold0005,30041,47.663674,-122.284002
Gold0005,30042,47.664037,-122.283616
Gold0005,30043,47.664443,-122.283217
Gold0005,30044,47.664392,-122.283080
Gold0005,30045,47.664348,-122.282969
Gold0005,30046,47.664295,-122.282888
Gold0005,30047,47.664213,-122.282803
Gold0005,30048,47.664175,-122.282852
Gold0005,30049,47.664079,-122.282952
Gold0005,30050,47.663936,-122.283004
Gold0005,30051,47.663813,-122.282984
Gold0005,30052,47.663667,-122.282970
Gold0005,30053,47.663560,-122.282973
Gold0005,30054,47.663542,-122.282965
Gold0006,10016,47.651391,-122.303692
Gold0006,20001,47.651391,-122.303692
Gold0006,20002,47.651653,-122.303537
Gold0006,20003,47.651771,-122.303469
Gold0006,20004,47.652113,-122.303296
Gold0006,20005,47.652442,-122.303151
Gold0006,20006,47.652677,-122.303060
Gold0006,20007,47.652795,-122.303032
Gold0006,20008,47.652848,-122.303016
Gold0006,20009,47.653447,-122.302863
Gold0006,20010,47.654971,-122.302401
Gold0006,20011,47.655652,-122.302197
Gold0006,20012,47.655990,-122.302096
Gold0006,20013,47.656880,-122.301831
Gold0006,20014,47.658101,-122.301488
Gold0006,20015,47.658982,-122.301139
Gold0006,20016,47.659542,-122.300793
Gold0006,20017,47.659804,-122.300600
Gold0006,20018,47.660017,-122.300398
Gold0006,20019,47.660350,-122.300010
Gold0006,20020,47.660402,-122.299810
Gold0006,20021,47.660549,-122.299557
Gold0006,20022,47.660669,-122.299294
Gold0006,20023,47.660802,-122.298971
Gold0006,20024,47.660947,-122.298509
Gold0006,20025,47.661040,-122.298144
Gold0006,20026,47.661095,-122.297880
Gold0006,20027,47.661139,-122.297608
Gold0006,20028,47.661161,-122.297329
Gold0006,20029,47.661170,-122.296906
Gold0006,20030,47.661182,-122.296799
Gold0006,20031,47.661209,-122.296665
Gold0006,20032,47.661209,-122.295929
Gold0006,20033,47.661224,-122.292848
Gold0006,20034,47.661213,-122.292411
Gold0006,20035,47.661123,-122.289221
Gold0006,20036,47.661120,-122.288979
Gold0006,20037,47.661141,-122.288485
Gold0006,20038,47.661175,-122.288205
Gold0006,20039,47.661212,-122.287962
Gold0006,20040,47.661277,-122.287607
Gold0006,20041,47.661374,-122.287180
Gold0006,20042,47.661449,-122.286974
Gold0006,20043,47.661565,-122.286672
Gold0006,20044,47.661702,-122.286388
Gold0006,20045,47.661836,-122.286133
Gold0006,20046,47.662044,-122.285822
Gold0006,20047,47.662229,-122.285606
Gold0006,20048,47.662435,-122.285380
Gold0006,20049,47.663027,-122.284773
Gold0006,20050,47.663209,-122.284498
Gold0006,20051,47.663674,-122.284002
Gold0006,20052,47.664037,-122.283616
Gold0006,20053,47.664443,-122.283217
Gold0006,20054,47.664392,-122.283080
Gold0006,20055,47.664348,-122.282969
Gold0006,20056,47.664295,-122.282888
Gold0006,20057,47.664213,-122.282803
Gold0006,20058,47.664175,-122.282852
Gold0006,20059,47.664079,-122.282952
Gold0006,20060,47.663936,-122.283004
Gold0006,20061,47.663813,-122.282984
Gold0006,20062,47.663667,-122.282970
Gold0006,20063,47.663560,-122.282973
Gold0006,20064,47.663542,-122.282965
Pink0001,10001,47.658219,-122.298754
Pink0001,10002,47.657689,-122.299006
Pink0001,10003,47.657861,-122.300284
Pink0001,10004,47.658788,-122.300019
Pink0001,10005,47.658598,-122.298578
Pink0001,10006,47.658750,-122.298549
Pink0001,10007,47.659973,-122.299476
Pink0001,10008,47.660162,-122.299689
Pink0001,10009,47.660350,-122.300010
Pink0001,10010,47.660402,-122.299810
Pink0001,10011,47.660549,-122.299557
Pink0001,10012,47.660669,-122.299294
Pink0001,10013,47.660802,-122.298971
Pink0001,10014,47.660947,-122.298509
Pink0001,10015,47.661040,-122.298144
Pink0001,10016,47.661095,-122.297880
Pink0001,10017,47.661139,-122.297608
Pink0001,10018,47.661161,-122.297329
Pink0001,10019,47.661170,-122.296906
Pink0001,10020,47.661182,-122.296799
Pink0001,10021,47.661209,-122.296665
Pink0001,10022,47.661209,-122.295929
Pink0001,10023,47.661224,-122.292848
Pink0001,10024,47.661213,-122.292411
Pink0001,10025,47.661123,-122.289221
Pink0001,10026,47.661120,-122.288979
Pink0001,10027,47.661141,-122.288485
Pink0001,10028,47.661175,-122.288205
Pink0001,10029,47.661212,-122.287962
Pink0001,10030,47.661277,-122.287607
Pink0001,10031,47.661374,-122.287180
Pink0001,10032,47.661449,-122.286974
Pink0001,10033,47.661565,-122.286672
Pink0001,10034,47.661702,-122.286388
Pink0001,10035,47.661836,-122.286133
Pink0001,10036,47.662044,-122.285822
Pink0001,10037,47.662229,-122.285606
Pink0001,10038,47.662435,-122.285380
Pink0001,10039,47.663027,-122.284773
Pink0001,10040,47.663209,-122.284498
Pink0001,10041,47.663674,-122.284002
Pink0001,10042,47.664037,-122.283616
Pink0001,10043,47.664443,-122.283217
Pink0001,10044,47.664392,-122.283080
Pink0001,10045,47.664348,-122.282969
Pink0001,10046,47.664295,-122.282888
Pink0001,10047,47.664213,-122.282803
Pink0001,10048,47.664175,-122.282852
Pink0001,10049,47.664079,-122.282952
Pink0001,10050,47.663936,-122.283004
Pink0001,10051,47.663813,-122.282984
Pink0001,10052,47.663667,-122.282970
Pink0001,10053,47.663560,-122.282973
Pink0001,10054,47.663542,-122.282965
Pink0002,10001,47.663542,-122.282965
Pink0002,10002,47.663493,-122.282945
Pink0002,10003,47.663430,-122.282971
Pink0002,10004,47.663365,-122.282929
Pink0002,10005,47.663355,-122.282858
Pink0002,10006,47.663369,-122.282756
Pink0002,10007,47.663428,-122.282714
Pink0002,10008,47.663490,-122.282754
Pink0002,10009,47.663517,-122.282846
Pink0002,10010,47.663510,-122.282924
Pink0002,10011,47.663493,-122.282945
Pink0002,10012,47.663560,-122.282973
Pink0002,10013,47.663667,-122.282970
Pink0002,10014,47.663813,-122.282984
Pink0002,10015,47.663936,-122.283004
Pink0002,10016,47.664079,-122.282952
Pink0002,10017,47.664175,-122.282852
Pink0002,10018,47.664213,-122.282803
Pink0002,10019,47.664295,-122.282888
Pink0002,10020,47.664348,-122.282969
Pink0002,10021,47.664392,-122.283080
Pink0002,10022,47.664443,-122.283217
Pink0002,10023,47.664496,-122.283345
Pink0002,10024,47.663791,-122.284083
Pink0002,10025,47.663271,-122.284630
Pink0002,10026,47.663027,-122.284773
Pink0002,10027,47.662435,-122.285380
Pink0002,10028,47.662229,-122.285606
Pink0002,10029,47.662044,-122.285822
Pink0002,10030,47.661836,-122.286133
Pink0002,10031,47.661702,-122.286388
Pink0002,10032,47.661565,-122.286672
Pink0002,10033,47.661449,-122.286974
Pink0002,10034,47.661374,-122.287180
Pink0002,10035,47.661277,-122.287607
Pink0002,10036,47.661212,-122.287962
Pink0002,10037,47.661175,-122.288205
Pink0002,10038,47.661141,-122.288485
Pink0002,10039,47.661120,-122.288979
Pink0002,10040,47.661123,-122.289221
Pink0002,10041,47.661213,-122.292411
Pink0002,10042,47.661224,-122.292848
Pink0002,10043,47.660341,-122.292122
Pink0002,10044,47.660315,-122.292100
Pink0002,10045,47.659927,-122.293327
Pink0002,10046,47.659863,-122.293451
Pink0002,10047,47.659733,-122.293616
Pink0002,10048,47.659550,-122.293879
Pink0002,10049,47.659470,-122.294106
Pink0002,10050,47.659165,-122.295031
Pink0002,10051,47.659010,-122.295477
Pink0002,10052,47.658847,-122.295978
Pink0002,10053,47.658643,-122.296711
Pink0002,10054,47.658518,-122.297160
Pink0002,10055,47.658460,-122.298300
Pink0002,10056,47.658517,-122.298613
Pink0002,10057,47.658219,-122.298754
Purp0001,10001,47.659847,-122.317473
Purp0001,10002,47.659843,-122.317179
Purp0001,10003,47.659836,-122.316617
Purp0001,10004,47.661292,-122.316579
Purp0001,10005,47.661288,-122.316009
Purp0001,10006,47.661284,-122.315443
Purp0001,10007,47.661281,-122.314860
Purp0001,10008,47.661277,-122.314286
Purp0001,10009,47.661273,-122.313689
Purp0001,10010,47.661269,-122.313130
Purp0001,10011,47.661267,-122.312563
Purp0001,10012,47.661263,-122.311964
Purp0001,10013,47.661262,-122.311423
Purp0001,10014,47.661261,-122.310857
Purp0001,10015,47.661260,-122.310278
Purp0001,10016,47.661260,-122.309723
Purp0001,10017,47.661259,-122.309512
Purp0001,10018,47.661259,-122.308952
Purp0001,10019,47.661259,-122.308381
Purp0001,10020,47.661258,-122.307807
Purp0001,10021,47.661258,-122.307245
Purp0001,10022,47.661257,-122.306528
Purp0001,10023,47.661256,-122.305473
Purp0001,10024,47.661197,-122.304625
Purp0001,10025,47.661253,-122.302503
Purp0001,10026,47.661252,-122.302033
Purp0001,10027,47.661249,-122.301909
Purp0001,10028,47.661249,-122.300612
Purp0001,10029,47.661241,-122.299282
Purp0001,10030,47.661227,-122.298962
Purp0001,10031,47.661208,-122.298704
Purp0001,10032,47.661189,-122.298527
Purp0001,10033,47.661154,-122.298434
Purp0001,10034,47.661105,-122.298384
Purp0001,10035,47.661072,-122.298270
Purp0001,10036,47.661040,-122.298144
Purp0001,10037,47.661095,-122.297880
Purp0001,10038,47.661139,-122.297608
Purp0001,10039,47.661161,-122.297329
Purp0001,10040,47.661170,-122.296906
Purp0001,10041,47.661182,-122.296799
Purp0001,10042,47.661209,-122.296665
Purp0001,10043,47.661209,-122.295929
Purp0001,10044,47.661224,-122.292848
Purp0001,10045,47.661213,-122.292411
Purp0001,10046,47.661123,-122.289221
Purp0001,10047,47.661120,-122.288979
Purp0001,10048,47.661141,-122.288485
Purp0001,10049,47.661175,-122.288205
Purp0001,10050,47.661212,-122.287962
Purp0001,10051,47.661277,-122.287607
Purp0001,10052,47.661374,-122.287180
Purp0001,10053,47.661449,-122.286974
Purp0001,10054,47.661565,-122.286672
Purp0001,10055,47.661702,-122.286388
Purp0001,10056,47.661836,-122.286133
Purp0001,10057,47.662044,-122.285822
Purp0001,10058,47.662229,-122.285606
Purp0001,10059,47.662435,-122.285380
Purp0001,10060,47.663027,-122.284773
Purp0001,10061,47.663209,-122.284498
Purp0001,10062,47.663674,-122.284002
Purp0001,10063,47.664037,-122.283616
Purp0001,10064,47.664443,-122.283217
Purp0001,10065,47.664392,-122.283080
Purp0001,10066,47.664348,-122.282969
Purp0001,10067,47.664295,-122.282888
Purp0001,10068,47.664213,-122.282803
Purp0001,10069,47.664175,-122.282852
Purp0001,10070,47.664079,-122.282952
Purp0001,10071,47.663936,-122.283004
Purp0001,10072,47.663813,-122.282984
Purp0001,10073,47.663667,-122.282970
Purp0001,10074,47.663560,-122.282973
Purp0001,10075,47.663542,-122.282965
Purp0002,10001,47.663542,-122.282965
Purp0002,10002,47.663493,-122.282945
Purp0002,10003,47.663430,-122.282971
Purp0002,10004,47.663365,-122.282929
Purp0002,10005,47.663355,-122.282858
Purp0002,10006,47.663369,-122.282756
Purp0002,10007,47.663428,-122.282714
Purp0002,10008,47.663490,-122.282754
Purp0002,10009,47.663517,-122.282846
Purp0002,10010,47.663510,-122.282924
Purp0002,10011,47.663493,-122.282945
Purp0002,10012,47.663560,-122.282973
Purp0002,10013,47.663667,-122.282970
Purp0002,10014,47.663813,-122.282984
Purp0002,10015,47.663936,-122.283004
Purp0002,10016,47.664079,-122.282952
Purp0002,10017,47.664175,-122.282852
Purp0002,10018,47.664213,-122.282803
Purp0002,10019,47.664295,-122.282888
Purp0002,10020,47.664348,-122.282969
Purp0002,10021,47.664392,-122.283080
Purp0002,10022,47.664443,-122.283217
Purp0002,10023,47.664496,-122.283345
Purp0002,10024,47.663791,-122.284083
Purp0002,10025,47.663271,-122.284630
Purp0002,10026,47.663027,-122.284773
Purp0002,10027,47.662435,-122.285380
Purp0002,10028,47.662229,-122.285606
Purp0002,10029,47.662044,-122.285822
Purp0002,10030,47.661836,-122.286133
Purp0002,10031,47.661702,-122.286388
Purp0002,10032,47.661565,-122.286672
Purp0002,10033,47.661449,-122.286974
Purp0002,10034,47.661374,-122.287180
Purp0002,10035,47.661277,-122.287607
Purp0002,10036,47.661212,-122.287962
Purp0002,10037,47.661175,-122.288205
Purp0002,10038,47.661141,-122.288485
Purp0002,10039,47.661120,-122.288979
Purp0002,10040,47.661123,-122.289221
Purp0002,10041,47.661213,-122.292411
Purp0002,10042,47.661224,-122.292848
Purp0002,10043,47.661209,-122.295929
Purp0002,10044,47.661209,-122.296665
Purp0002,10045,47.661250,-122.296827
Purp0002,10046,47.661256,-122.296978
Purp0002,10047,47.661253,-122.297193
Purp0002,10048,47.661275,-122.297435
Purp0002,10049,47.661273,-122.297765
Purp0002,10050,47.661268,-122.298587
Purp0002,10051,47.661263,-122.298974
Purp0002,10052,47.661241,-122.299282
Purp0002,10053,47.661249,-122.300612
Purp0002,10054,47.661249,-122.301909
Purp0002,10055,47.661252,-122.302033
Purp0002,10056,47.661253,-122.302503
Purp0002,10057,47.661197,-122.304625
Purp0002,10058,47.661256,-122.305473
Purp0002,10059,47.661257,-122.306528
Purp0002,10060,47.661258,-122.307245
Purp0002,10061,47.661258,-122.307807
Purp0002,10062,47.661259,-122.308381
Purp0002,10063,47.661259,-122.308952
Purp0002,10064,47.661259,-122.309512
Purp0002,10065,47.661260,-122.309723
Purp0002,10066,47.661260,-122.310278
Purp0002,10067,47.661261,-122.310857
Purp0002,10068,47.661262,-122.311423
Purp0002,10069,47.661263,-122.311964
Purp0002,10070,47.661267,-122.312563
Purp0002,10071,47.661269,-122.313130
Purp0002,10072,47.661273,-122.313689
Purp0002,10073,47.661277,-122.314286
Purp0002,10074,47.661281,-122.314860
Purp0002,10075,47.661284,-122.315443
Purp0002,10076,47.661288,-122.316009
Purp0002,10077,47.661292,-122.316579
Purp0002,10078,47.661294,-122.316925
Purp0002,10079,47.661296,-122.317140
Purp0002,10080,47.661299,-122.317638
Purp0002,10081,47.661166,-122.317707
Purp0002,10082,47.659850,-122.317742
Purp0002,10083,47.659847,-122.317473
Ylw0001,10001,47.663542,-122.282965
Ylw0001,10002,47.663493,-122.282945
Ylw0001,10003,47.663430,-122.282971
Ylw0001,10004,47.663365,-122.282929
Ylw0001,10005,47.663355,-122.282858
Ylw0001,10006,47.663369,-122.282756
Ylw0001,10007,47.663428,-122.282714
Ylw0001,10008,47.663490,-122.282754
Ylw0001,10009,47.663517,-122.282846
Ylw0001,10010,47.663510,-122.282924
Ylw0001,10011,47.663493,-122.282945
Ylw0001,10012,47.663560,-122.282973
Ylw0001,10013,47.663667,-122.282970
Ylw0001,10014,47.663813,-122.282984
Ylw0001,10015,47.663936,-122.283004
Ylw0001,10016,47.664079,-122.282952
Ylw0001,10017,47.664175,-122.282852
Ylw0001,10018,47.664213,-122.282803
Ylw0001,10019,47.664295,-122.282888
Ylw0001,10020,47.664348,-122.282969
Ylw0001,10021,47.664392,-122.283080
Ylw0001,10022,47.664443,-122.283217
Ylw0001,10023,47.664592,-122.283054
Ylw0001,10024,47.664886,-122.282751
Ylw0001,10025,47.665633,-122.281972
Ylw0001,10026,47.665940,-122.281664
Ylw0001,10027,47.666361,-122.281225
Ylw0001,10028,47.666784,-122.280782
Ylw0001,10029,47.667123,-122.280420
Ylw0001,10030,47.667613,-122.279914
Ylw0001,10031,47.667800,-122.279646
Ylw0001,10032,47.668016,-122.279227
Ylw0001,10033,47.668162,-122.278809
Ylw0001,10034,47.668252,-122.278422
Ylw0001,10035,47.668315,-122.277959
Ylw0001,10036,47.668352,-122.277367
Ylw0001,10037,47.668348,-122.276961
Ylw0001,10038,47.668325,-122.276624
Ylw0001,10039,47.668252,-122.275784
Ylw0001,10040,47.668207,-122.275249
Ylw0001,10041,47.668197,-122.274930
Ylw0001,10042,47.668212,-122.274593
Ylw0001,10043,47.668248,-122.274302
Ylw0001,10044,47.668278,-122.274114
Ylw0001,10045,47.668316,-122.273929
Ylw0001,10046,47.668349,-122.273781
Ylw0001,10047,47.668398,-122.273598
Ylw0001,10048,47.668459,-122.273411
Ylw0001,10049,47.668519,-122.273249
Ylw0001,10050,47.668612,-122.273040
Ylw0001,10051,47.668715,-122.272836
Ylw0001,10052,47.668775,-122.272725
Ylw0001,10053,47.669056,-122.272299
Ylw0001,10054,47.669402,-122.271797
Ylw0001,10055,47.669946,-122.271063
Ylw0001,10056,47.670015,-122.271171
Ylw0001,10057,47.670231,-122.271385
Ylw0001,10058,47.670719,-122.271126
Ylw0003,10001,47.670719,-122.271126
Ylw0003,10002,47.670760,-122.271105
Ylw0003,10003,47.671356,-122.270840
Ylw0003,10004,47.671668,-122.270583
Ylw0003,10005,47.671946,-122.270209
Ylw0003,10006,47.671677,-122.269788
Ylw0003,20001,47.671677,-122.269788
Ylw0003,20002,47.671359,-122.269291
Ylw0003,20003,47.670820,-122.270042
Ylw0003,20004,47.670015,-122.271171
Ylw0003,20005,47.668902,-122.272739
Ylw0003,20006,47.668766,-122.272977
Ylw0003,20007,47.668635,-122.273243
Ylw0003,20008,47.668478,-122.273651
Ylw0003,20009,47.668412,-122.273921
Ylw0003,20010,47.668363,-122.274149
Ylw0003,20011,47.668331,-122.274432
Ylw0003,20012,47.668304,-122.274784
Ylw0003,20013,47.668304,-122.275123
Ylw0003,20014,47.668359,-122.275768
Ylw0003,20015,47.668436,-122.276779
Ylw0003,20016,47.668449,-122.277100
Ylw0003,20017,47.668447,-122.277372
Ylw0003,20018,47.668440,-122.277697
Ylw0003,20019,47.668401,-122.278134
Ylw0003,20020,47.668339,-122.278536
Ylw0003,20021,47.668254,-122.278887
Ylw0003,20022,47.668161,-122.279158
Ylw0003,20023,47.668023,-122.279485
Ylw0003,20024,47.667876,-122.279741
Ylw0003,20025,47.667704,-122.279996
Ylw0003,20026,47.667480,-122.280241
Ylw0003,20027,47.667155,-122.280575
Ylw0003,20028,47.666841,-122.280909
Ylw0003,20029,47.666266,-122.281496
Ylw0003,20030,47.665799,-122.281983
Ylw0003,20031,47.665347,-122.282459
Ylw0003,20032,47.664888,-122.282921
Ylw0003,20033,47.664659,-122.283170
Ylw0003,20034,47.664496,-122.283345
Ylw0003,20035,47.664443,-122.283217
Ylw0003,20036,47.664392,-122.283080
Ylw0003,20037,47.664348,-122.282969
Ylw0003,20038,47.664295,-122.282888
Ylw0003,20039,47.664213,-122.282803
Ylw0003,20040,47.664175,-122.282852
Ylw0003,20041,47.664079,-122.282952
Ylw0003,20042,47.663936,-122.283004
Ylw0003,20043,47.663813,-122.282984
Ylw0003,20044,47.663667,-122.282970
Ylw0003,20045,47.663560,-122.282973
Ylw0003,20046,47.663542,-122.282965
