trip_id,arrival_time,departure_time,stop_id,stop_sequence,stop_headsign,pickup_type,drop_off_type,shape_dist_traveled,timepoint
9656928,6:18:00,6:18:00,56336,1,,0,0,,1
9656928,6:24:00,6:24:00,56414,2,,0,0,,0
9656928,6:24:00,6:24:00,56424,3,,0,0,,0
9656928,6:25:00,6:25:00,52259,4,,0,0,,0
9656928,6:26:00,6:26:00,55032,5,,0,0,,0
9656928,6:26:00,6:26:00,55839,6,,0,0,,0
9656928,6:27:00,6:27:00,58493,7,,0,0,,1
9656928,6:34:00,6:34:00,57675,8,,0,0,,0
9656928,6:35:00,6:35:00,54299,9,,0,0,,0
9656928,6:35:00,6:35:00,53189,10,,0,0,,0
9656928,6:48:00,6:48:00,51397,11,,0,0,,1
9656928,6:52:00,6:52:00,51313,12,,0,0,,0
9656928,6:53:00,6:53:00,54232,13,,0,0,,0
9656928,6:53:00,6:53:00,53187,14,,0,0,,0
9656928,6:55:00,6:55:00,54720,15,,0,0,,0
9656928,6:56:00,6:56:00,53171,16,,0,0,,0
9656928,6:56:00,6:56:00,56762,17,,0,0,,0
9656928,6:57:00,6:57:00,57718,18,,0,0,,0
9656928,6:58:00,6:58:00,50782,19,,1,0,,1
9656936,6:48:00,6:48:00,56336,1,,0,0,,1
9656936,6:54:00,6:54:00,56414,2,,0,0,,0
9656936,6:54:00,6:54:00,56424,3,,0,0,,0
9656936,6:55:00,6:55:00,52259,4,,0,0,,0
9656936,6:56:00,6:56:00,55032,5,,0,0,,0
9656936,6:56:00,6:56:00,55839,6,,0,0,,0
9656936,6:57:00,6:57:00,58493,7,,0,0,,1
9656936,7:04:00,7:04:00,57675,8,,0,0,,0
9656936,7:05:00,7:05:00,54299,9,,0,0,,0
9656936,7:05:00,7:05:00,53189,10,,0,0,,0
9656936,7:18:00,7:18:00,51397,11,,0,0,,1
9656936,7:22:00,7:22:00,51313,12,,0,0,,0
9656936,7:23:00,7:23:00,54232,13,,0,0,,0
9656936,7:23:00,7:23:00,53187,14,,0,0,,0
9656936,7:25:00,7:25:00,54720,15,,0,0,,0
9656936,7:26:00,7:26:00,53171,16,,0,0,,0
9656936,7:26:00,7:26:00,56762,17,,0,0,,0
9656936,7:27:00,7:27:00,57718,18,,0,0,,0
9656936,7:28:00,7:28:00,50782,19,,1,0,,1
9656940,7:18:00,7:18:00,56336,1,,0,0,,1
9656940,7:24:00,7:24:00,56414,2,,0,0,,0
9656940,7:24:00,7:24:00,56424,3,,0,0,,0
9656940,7:25:00,7:25:00,52259,4,,0,0,,0
9656940,7:26:00,7:26:00,55032,5,,0,0,,0
9656940,7:26:00,7:26:00,55839,6,,0,0,,0
9656940,7:27:00,7:27:00,58493,7,,0,0,,1
9656940,7:34:00,7:34:00,57675,8,,0,0,,0
9656940,7:35:00,7:35:00,54299,9,,0,0,,0
9656940,7:35:00,7:35:00,53189,10,,0,0,,0
9656940,7:48:00,7:48:00,51397,11,,0,0,,1
9656940,7:53:00,7:53:00,51313,12,,0,0,,0
9656940,7:53:00,7:53:00,54232,13,,0,0,,0
9656940,7:54:00,7:54:00,53187,14,,0,0,,0
9656940,7:56:00,7:56:00,54720,15,,0,0,,0
9656940,7:57:00,7:57:00,53171,16,,0,0,,0
9656940,7:57:00,7:57:00,56762,17,,0,0,,0
9656940,7:58:00,7:58:00,57718,18,,0,0,,0
9656940,7:59:00,7:59:00,50782,19,,1,0,,1
9656951,8:00:00,8:00:00,56336,1,,0,0,,1
9656951,8:06:00,8:06:00,56414,2,,0,0,,0
9656951,8:06:00,8:06:00,56424,3,,0,0,,0
9656951,8:07:00,8:07:00,52259,4,,0,0,,0
9656951,8:08:00,8:08:00,55032,5,,0,0,,0
9656951,8:08:00,8:08:00,55839,6,,0,0,,0
9656951,8:09:00,8:09:00,58493,7,,0,0,,1
9656951,8:16:00,8:16:00,57675,8,,0,0,,0
9656951,8:17:00,8:17:00,54299,9,,0,0,,0
9656951,8:17:00,8:17:00,53189,10,,0,0,,0
9656951,8:30:00,8:30:00,51397,11,,0,0,,1
9656951,8:35:00,8:35:00,51313,12,,0,0,,0
9656951,8:35:00,8:35:00,54232,13,,0,0,,0
9656951,8:36:00,8:36:00,53187,14,,0,0,,0
9656951,8:38:00,8:38:00,54720,15,,0,0,,0
9656951,8:39:00,8:39:00,53171,16,,0,0,,0
9656951,8:39:00,8:39:00,56762,17,,0,0,,0
9656951,8:40:00,8:40:00,57718,18,,0,0,,0
9656951,8:41:00,8:41:00,50782,19,,1,0,,1
9656924,8:29:00,8:29:00,56336,1,,0,0,,1
9656924,8:35:00,8:35:00,56414,2,,0,0,,0
9656924,8:35:00,8:35:00,56424,3,,0,0,,0
9656924,8:36:00,8:36:00,52259,4,,0,0,,0
9656924,8:37:00,8:37:00,55032,5,,0,0,,0
9656924,8:37:00,8:37:00,55839,6,,0,0,,0
9656924,8:38:00,8:38:00,58493,7,,0,0,,1
9656924,8:45:00,8:45:00,57675,8,,0,0,,0
9656924,8:46:00,8:46:00,54299,9,,0,0,,0
9656924,8:46:00,8:46:00,53189,10,,0,0,,0
9656924,8:59:00,8:59:00,51397,11,,0,0,,1
9656924,9:04:00,9:04:00,51313,12,,0,0,,0
9656924,9:04:00,9:04:00,54232,13,,0,0,,0
9656924,9:05:00,9:05:00,53187,14,,0,0,,0
9656924,9:07:00,9:07:00,54720,15,,0,0,,0
9656924,9:08:00,9:08:00,53171,16,,0,0,,0
9656924,9:08:00,9:08:00,56762,17,,0,0,,0
9656924,9:09:00,9:09:00,57718,18,,0,0,,0
9656924,9:10:00,9:10:00,50782,19,,1,0,,1
9656938,9:00:00,9:00:00,56336,1,,0,0,,1
9656938,9:06:00,9:06:00,56414,2,,0,0,,0
9656938,9:06:00,9:06:00,56424,3,,0,0,,0
9656938,9:07:00,9:07:00,52259,4,,0,0,,0
9656938,9:08:00,9:08:00,55032,5,,0,0,,0
9656938,9:08:00,9:08:00,55839,6,,0,0,,0
9656938,9:09:00,9:09:00,58493,7,,0,0,,1
9656938,9:16:00,9:16:00,57675,8,,0,0,,0
9656938,9:17:00,9:17:00,54299,9,,0,0,,0
9656938,9:17:00,9:17:00,53189,10,,0,0,,0
9656938,9:30:00,9:30:00,51397,11,,0,0,,1
9656938,9:35:00,9:35:00,51313,12,,0,0,,0
9656938,9:35:00,9:35:00,54232,13,,0,0,,0
9656938,9:36:00,9:36:00,53187,14,,0,0,,0
9656938,9:38:00,9:38:00,54720,15,,0,0,,0
9656938,9:39:00,9:39:00,53171,16,,0,0,,0
9656938,9:39:00,9:39:00,56762,17,,0,0,,0
9656938,9:40:00,9:40:00,57718,18,,0,0,,0
9656938,9:41:00,9:41:00,50782,19,,1,0,,1
9656947,9:51:00,9:51:00,56336,1,,0,0,,1
9656947,9:57:00,9:57:00,56414,2,,0,0,,0
9656947,9:57:00,9:57:00,56424,3,,0,0,,0
9656947,9:58:00,9:58:00,52259,4,,0,0,,0
9656947,9:59:00,9:59:00,55032,5,,0,0,,0
9656947,9:59:00,9:59:00,55839,6,,0,0,,0
9656947,10:00:00,10:00:00,58493,7,,0,0,,1
9656947,10:07:00,10:07:00,57675,8,,0,0,,0
9656947,10:08:00,10:08:00,54299,9,,0,0,,0
9656947,10:08:00,10:08:00,53189,10,,0,0,,0
9656947,10:21:00,10:21:00,51397,11,,0,0,,1
9656947,10:26:00,10:26:00,51313,12,,0,0,,0
9656947,10:26:00,10:26:00,54232,13,,0,0,,0
9656947,10:27:00,10:27:00,53187,14,,0,0,,0
9656947,10:29:00,10:29:00,54720,15,,0,0,,0
9656947,10:30:00,10:30:00,53171,16,,0,0,,0
9656947,10:30:00,10:30:00,56762,17,,0,0,,0
9656947,10:31:00,10:31:00,57718,18,,0,0,,0
9656947,10:32:00,10:32:00,50782,19,,1,0,,1
9656926,10:57:00,10:57:00,56336,1,,0,0,,1
9656926,11:03:00,11:03:00,56414,2,,0,0,,0
9656926,11:03:00,11:03:00,56424,3,,0,0,,0
9656926,11:04:00,11:04:00,52259,4,,0,0,,0
9656926,11:05:00,11:05:00,55032,5,,0,0,,0
9656926,11:05:00,11:05:00,55839,6,,0,0,,0
9656926,11:06:00,11:06:00,58493,7,,0,0,,1
9656926,11:13:00,11:13:00,57675,8,,0,0,,0
9656926,11:14:00,11:14:00,54299,9,,0,0,,0
9656926,11:14:00,11:14:00,53189,10,,0,0,,0
9656926,11:27:00,11:27:00,51397,11,,0,0,,1
9656926,11:31:00,11:31:00,51313,12,,0,0,,0
9656926,11:32:00,11:32:00,54232,13,,0,0,,0
9656926,11:32:00,11:32:00,53187,14,,0,0,,0
9656926,11:34:00,11:34:00,54720,15,,0,0,,0
9656926,11:35:00,11:35:00,53171,16,,0,0,,0
9656926,11:35:00,11:35:00,56762,17,,0,0,,0
9656926,11:36:00,11:36:00,57718,18,,0,0,,0
9656926,11:37:00,11:37:00,50782,19,,1,0,,1
9656954,11:52:00,11:52:00,56336,1,,0,0,,1
9656954,11:58:00,11:58:00,56414,2,,0,0,,0
9656954,11:58:00,11:58:00,56424,3,,0,0,,0
9656954,11:59:00,11:59:00,52259,4,,0,0,,0
9656954,12:00:00,12:00:00,55032,5,,0,0,,0
9656954,12:00:00,12:00:00,55839,6,,0,0,,0
9656954,12:01:00,12:01:00,58493,7,,0,0,,1
9656954,12:08:00,12:08:00,57675,8,,0,0,,0
9656954,12:09:00,12:09:00,54299,9,,0,0,,0
9656954,12:09:00,12:09:00,53189,10,,0,0,,0
9656954,12:22:00,12:22:00,51397,11,,0,0,,1
9656954,12:26:00,12:26:00,51313,12,,0,0,,0
9656954,12:27:00,12:27:00,54232,13,,0,0,,0
9656954,12:27:00,12:27:00,53187,14,,0,0,,0
9656954,12:29:00,12:29:00,54720,15,,0,0,,0
9656954,12:30:00,12:30:00,53171,16,,0,0,,0
9656954,12:30:00,12:30:00,56762,17,,0,0,,0
9656954,12:31:00,12:31:00,57718,18,,0,0,,0
9656954,12:32:00,12:32:00,50782,19,,1,0,,1
9656972,12:56:00,12:56:00,55303,1,,0,0,,1
9656972,12:57:00,12:57:00,58409,2,,0,0,,0
9656972,12:58:00,12:58:00,58154,3,,0,0,,0
9656972,12:59:00,12:59:00,50771,4,,0,0,,0
9656972,13:00:00,13:00:00,51519,5,,0,0,,0
9656972,13:01:00,13:01:00,55305,6,,0,0,,0
9656972,13:02:00,13:02:00,58496,7,,0,0,,0
9656972,13:04:00,13:04:00,56544,8,,0,0,,1
9656972,13:05:00,13:05:00,50772,9,,0,0,,0
9656972,13:06:00,13:06:00,58776,10,,0,0,,0
9656972,13:06:00,13:06:00,55021,11,,0,0,,0
9656972,13:07:00,13:07:00,51446,12,,0,0,,0
9656972,13:07:00,13:07:00,53128,13,,0,0,,0
9656972,13:08:00,13:08:00,55315,14,,0,0,,0
9656972,13:09:00,13:09:00,52259,15,,0,0,,0
9656972,13:09:00,13:09:00,55032,16,,0,0,,0
9656972,13:09:00,13:09:00,55839,17,,0,0,,0
9656972,13:10:00,13:10:00,58493,18,,0,0,,1
9656972,13:17:00,13:17:00,57675,19,,0,0,,0
9656972,13:18:00,13:18:00,54299,20,,0,0,,0
9656972,13:18:00,13:18:00,53189,21,,0,0,,0
9656972,13:31:00,13:31:00,51397,22,,0,0,,1
9656972,13:35:00,13:35:00,51313,23,,0,0,,0
9656972,13:36:00,13:36:00,54232,24,,0,0,,0
9656972,13:36:00,13:36:00,53187,25,,0,0,,0
9656972,13:38:00,13:38:00,53214,26,,0,0,,0
9656972,13:38:00,13:38:00,54720,27,,0,0,,0
9656972,13:39:00,13:39:00,53171,28,,0,0,,0
9656972,13:39:00,13:39:00,56762,29,,0,0,,0
9656972,13:40:00,13:40:00,57718,30,,0,0,,0
9656972,13:41:00,13:41:00,50782,31,,1,0,,1
9656988,14:00:00,14:00:00,55303,1,,0,0,,1
9656988,14:01:00,14:01:00,58409,2,,0,0,,0
9656988,14:02:00,14:02:00,58154,3,,0,0,,0
9656988,14:03:00,14:03:00,50771,4,,0,0,,0
9656988,14:04:00,14:04:00,51519,5,,0,0,,0
9656988,14:05:00,14:05:00,55305,6,,0,0,,0
9656988,14:06:00,14:06:00,58496,7,,0,0,,0
9656988,14:08:00,14:08:00,56544,8,,0,0,,1
9656988,14:09:00,14:09:00,50772,9,,0,0,,0
9656988,14:10:00,14:10:00,58776,10,,0,0,,0
9656988,14:10:00,14:10:00,55021,11,,0,0,,0
9656988,14:11:00,14:11:00,51446,12,,0,0,,0
9656988,14:11:00,14:11:00,53128,13,,0,0,,0
9656988,14:12:00,14:12:00,55315,14,,0,0,,0
9656988,14:13:00,14:13:00,52259,15,,0,0,,0
9656988,14:13:00,14:13:00,55032,16,,0,0,,0
9656988,14:13:00,14:13:00,55839,17,,0,0,,0
9656988,14:14:00,14:14:00,58493,18,,0,0,,1
9656988,14:21:00,14:21:00,57675,19,,0,0,,0
9656988,14:22:00,14:22:00,54299,20,,0,0,,0
9656988,14:22:00,14:22:00,53189,21,,0,0,,0
9656988,14:35:00,14:35:00,51397,22,,0,0,,1
9656988,14:40:00,14:40:00,51313,23,,0,0,,0
9656988,14:41:00,14:41:00,54232,24,,0,0,,0
9656988,14:41:00,14:41:00,53187,25,,0,0,,0
9656988,14:43:00,14:43:00,53214,26,,0,0,,0
9656988,14:44:00,14:44:00,54720,27,,0,0,,0
9656988,14:45:00,14:45:00,53171,28,,0,0,,0
9656988,14:45:00,14:45:00,56762,29,,0,0,,0
9656988,14:46:00,14:46:00,57718,30,,0,0,,0
9656988,14:47:00,14:47:00,50782,31,,1,0,,1
9656981,14:32:00,14:32:00,55303,1,,0,0,,1
9656981,14:33:00,14:33:00,58409,2,,0,0,,0
9656981,14:34:00,14:34:00,58154,3,,0,0,,0
9656981,14:35:00,14:35:00,50771,4,,0,0,,0
9656981,14:36:00,14:36:00,51519,5,,0,0,,0
9656981,14:37:00,14:37:00,55305,6,,0,0,,0
9656981,14:38:00,14:38:00,58496,7,,0,0,,0
9656981,14:40:00,14:40:00,56544,8,,0,0,,1
9656981,14:41:00,14:41:00,50772,9,,0,0,,0
9656981,14:42:00,14:42:00,58776,10,,0,0,,0
9656981,14:43:00,14:43:00,55021,11,,0,0,,0
9656981,14:43:00,14:43:00,51446,12,,0,0,,0
9656981,14:44:00,14:44:00,53128,13,,0,0,,0
9656981,14:44:00,14:44:00,55315,14,,0,0,,0
9656981,14:45:00,14:45:00,52259,15,,0,0,,0
9656981,14:46:00,14:46:00,55032,16,,0,0,,0
9656981,14:46:00,14:46:00,55839,17,,0,0,,0
9656981,14:47:00,14:47:00,58493,18,,0,0,,1
9656981,14:55:00,14:55:00,57675,19,,0,0,,0
9656981,14:55:00,14:55:00,54299,20,,0,0,,0
9656981,14:56:00,14:56:00,53189,21,,0,0,,0
9656981,15:10:00,15:10:00,51397,22,,0,0,,1
9656981,15:15:00,15:15:00,51313,23,,0,0,,0
9656981,15:16:00,15:16:00,54232,24,,0,0,,0
9656981,15:16:00,15:16:00,53187,25,,0,0,,0
9656981,15:18:00,15:18:00,53214,26,,0,0,,0
9656981,15:19:00,15:19:00,54720,27,,0,0,,0
9656981,15:20:00,15:20:00,53171,28,,0,0,,0
9656981,15:20:00,15:20:00,56762,29,,0,0,,0
9656981,15:21:00,15:21:00,57718,30,,0,0,,0
9656981,15:22:00,15:22:00,50782,31,,1,0,,1
9656968,15:07:00,15:07:00,55303,1,,0,0,,1
9656968,15:08:00,15:08:00,58409,2,,0,0,,0
9656968,15:09:00,15:09:00,58154,3,,0,0,,0
9656968,15:10:00,15:10:00,50771,4,,0,0,,0
9656968,15:11:00,15:11:00,51519,5,,0,0,,0
9656968,15:12:00,15:12:00,55305,6,,0,0,,0
9656968,15:13:00,15:13:00,58496,7,,0,0,,0
9656968,15:15:00,15:15:00,56544,8,,0,0,,1
9656968,15:16:00,15:16:00,50772,9,,0,0,,0
9656968,15:17:00,15:17:00,58776,10,,0,0,,0
9656968,15:18:00,15:18:00,55021,11,,0,0,,0
9656968,15:18:00,15:18:00,51446,12,,0,0,,0
9656968,15:19:00,15:19:00,53128,13,,0,0,,0
9656968,15:19:00,15:19:00,55315,14,,0,0,,0
9656968,15:20:00,15:20:00,52259,15,,0,0,,0
9656968,15:21:00,15:21:00,55032,16,,0,0,,0
9656968,15:21:00,15:21:00,55839,17,,0,0,,0
9656968,15:22:00,15:22:00,58493,18,,0,0,,1
9656968,15:30:00,15:30:00,57675,19,,0,0,,0
9656968,15:30:00,15:30:00,54299,20,,0,0,,0
9656968,15:31:00,15:31:00,53189,21,,0,0,,0
9656968,15:45:00,15:45:00,51397,22,,0,0,,1
9656968,15:50:00,15:50:00,51313,23,,0,0,,0
9656968,15:51:00,15:51:00,54232,24,,0,0,,0
9656968,15:51:00,15:51:00,53187,25,,0,0,,0
9656968,15:53:00,15:53:00,53214,26,,0,0,,0
9656968,15:54:00,15:54:00,54720,27,,0,0,,0
9656968,15:55:00,15:55:00,53171,28,,0,0,,0
9656968,15:55:00,15:55:00,56762,29,,0,0,,0
9656968,15:56:00,15:56:00,57718,30,,0,0,,0
9656968,15:57:00,15:57:00,50782,31,,1,0,,1
9656993,15:40:00,15:40:00,55303,1,,0,0,,1
9656993,15:41:00,15:41:00,58409,2,,0,0,,0
9656993,15:42:00,15:42:00,58154,3,,0,0,,0
9656993,15:43:00,15:43:00,50771,4,,0,0,,0
9656993,15:44:00,15:44:00,51519,5,,0,0,,0
9656993,15:45:00,15:45:00,55305,6,,0,0,,0
9656993,15:46:00,15:46:00,58496,7,,0,0,,0
9656993,15:48:00,15:48:00,56544,8,,0,0,,1
9656993,15:49:00,15:49:00,50772,9,,0,0,,0
9656993,15:50:00,15:50:00,58776,10,,0,0,,0
9656993,15:51:00,15:51:00,55021,11,,0,0,,0
9656993,15:51:00,15:51:00,51446,12,,0,0,,0
9656993,15:52:00,15:52:00,53128,13,,0,0,,0
9656993,15:52:00,15:52:00,55315,14,,0,0,,0
9656993,15:53:00,15:53:00,52259,15,,0,0,,0
9656993,15:54:00,15:54:00,55032,16,,0,0,,0
9656993,15:54:00,15:54:00,55839,17,,0,0,,0
9656993,15:55:00,15:55:00,58493,18,,0,0,,1
9656993,16:03:00,16:03:00,57675,19,,0,0,,0
9656993,16:03:00,16:03:00,54299,20,,0,0,,0
9656993,16:04:00,16:04:00,53189,21,,0,0,,0
9656993,16:18:00,16:18:00,51397,22,,0,0,,1
9656993,16:23:00,16:23:00,51313,23,,0,0,,0
9656993,16:24:00,16:24:00,54232,24,,0,0,,0
9656993,16:24:00,16:24:00,53187,25,,0,0,,0
9656993,16:26:00,16:26:00,53214,26,,0,0,,0
9656993,16:27:00,16:27:00,54720,27,,0,0,,0
9656993,16:28:00,16:28:00,53171,28,,0,0,,0
9656993,16:28:00,16:28:00,56762,29,,0,0,,0
9656993,16:29:00,16:29:00,57718,30,,0,0,,0
9656993,16:30:00,16:30:00,50782,31,,1,0,,1
9656984,16:00:00,16:00:00,55303,1,,0,0,,1
9656984,16:01:00,16:01:00,58409,2,,0,0,,0
9656984,16:02:00,16:02:00,58154,3,,0,0,,0
9656984,16:03:00,16:03:00,50771,4,,0,0,,0
9656984,16:04:00,16:04:00,51519,5,,0,0,,0
9656984,16:05:00,16:05:00,55305,6,,0,0,,0
9656984,16:06:00,16:06:00,58496,7,,0,0,,0
9656984,16:08:00,16:08:00,56544,8,,0,0,,1
9656984,16:09:00,16:09:00,50772,9,,0,0,,0
9656984,16:10:00,16:10:00,58776,10,,0,0,,0
9656984,16:11:00,16:11:00,55021,11,,0,0,,0
9656984,16:11:00,16:11:00,51446,12,,0,0,,0
9656984,16:12:00,16:12:00,53128,13,,0,0,,0
9656984,16:12:00,16:12:00,55315,14,,0,0,,0
9656984,16:13:00,16:13:00,52259,15,,0,0,,0
9656984,16:14:00,16:14:00,55032,16,,0,0,,0
9656984,16:14:00,16:14:00,55839,17,,0,0,,0
9656984,16:15:00,16:15:00,58493,18,,0,0,,1
9656984,16:23:00,16:23:00,57675,19,,0,0,,0
9656984,16:23:00,16:23:00,54299,20,,0,0,,0
9656984,16:24:00,16:24:00,53189,21,,0,0,,0
9656984,16:38:00,16:38:00,51397,22,,0,0,,1
9656984,16:43:00,16:43:00,51313,23,,0,0,,0
9656984,16:44:00,16:44:00,54232,24,,0,0,,0
9656984,16:44:00,16:44:00,53187,25,,0,0,,0
9656984,16:46:00,16:46:00,53214,26,,0,0,,0
9656984,16:47:00,16:47:00,54720,27,,0,0,,0
9656984,16:48:00,16:48:00,53171,28,,0,0,,0
9656984,16:48:00,16:48:00,56762,29,,0,0,,0
9656984,16:49:00,16:49:00,57718,30,,0,0,,0
9656984,16:50:00,16:50:00,50782,31,,1,0,,1
9656998,16:30:00,16:30:00,55303,1,,0,0,,1
9656998,16:31:00,16:31:00,58409,2,,0,0,,0
9656998,16:32:00,16:32:00,58154,3,,0,0,,0
9656998,16:33:00,16:33:00,50771,4,,0,0,,0
9656998,16:34:00,16:34:00,51519,5,,0,0,,0
9656998,16:35:00,16:35:00,55305,6,,0,0,,0
9656998,16:36:00,16:36:00,58496,7,,0,0,,0
9656998,16:38:00,16:38:00,56544,8,,0,0,,1
9656998,16:39:00,16:39:00,50772,9,,0,0,,0
9656998,16:40:00,16:40:00,58776,10,,0,0,,0
9656998,16:41:00,16:41:00,55021,11,,0,0,,0
9656998,16:41:00,16:41:00,51446,12,,0,0,,0
9656998,16:42:00,16:42:00,53128,13,,0,0,,0
9656998,16:42:00,16:42:00,55315,14,,0,0,,0
9656998,16:43:00,16:43:00,52259,15,,0,0,,0
9656998,16:44:00,16:44:00,55032,16,,0,0,,0
9656998,16:44:00,16:44:00,55839,17,,0,0,,0
9656998,16:45:00,16:45:00,58493,18,,0,0,,1
9656998,16:53:00,16:53:00,57675,19,,0,0,,0
9656998,16:53:00,16:53:00,54299,20,,0,0,,0
9656998,16:54:00,16:54:00,53189,21,,0,0,,0
9656998,17:08:00,17:08:00,51397,22,,0,0,,1
9656998,17:13:00,17:13:00,51313,23,,0,0,,0
9656998,17:14:00,17:14:00,54232,24,,0,0,,0
9656998,17:14:00,17:14:00,53187,25,,0,0,,0
9656998,17:16:00,17:16:00,53214,26,,0,0,,0
9656998,17:17:00,17:17:00,54720,27,,0,0,,0
9656998,17:18:00,17:18:00,53171,28,,0,0,,0
9656998,17:18:00,17:18:00,56762,29,,0,0,,0
9656998,17:19:00,17:19:00,57718,30,,0,0,,0
9656998,17:20:00,17:20:00,50782,31,,1,0,,1
9657000,17:10:00,17:10:00,55303,1,,0,0,,1
9657000,17:11:00,17:11:00,58409,2,,0,0,,0
9657000,17:12:00,17:12:00,58154,3,,0,0,,0
9657000,17:13:00,17:13:00,50771,4,,0,0,,0
9657000,17:14:00,17:14:00,51519,5,,0,0,,0
9657000,17:15:00,17:15:00,55305,6,,0,0,,0
9657000,17:16:00,17:16:00,58496,7,,0,0,,0
9657000,17:18:00,17:18:00,56544,8,,0,0,,1
9657000,17:19:00,17:19:00,50772,9,,0,0,,0
9657000,17:20:00,17:20:00,58776,10,,0,0,,0
9657000,17:21:00,17:21:00,55021,11,,0,0,,0
9657000,17:21:00,17:21:00,51446,12,,0,0,,0
9657000,17:22:00,17:22:00,53128,13,,0,0,,0
9657000,17:22:00,17:22:00,55315,14,,0,0,,0
9657000,17:23:00,17:23:00,52259,15,,0,0,,0
9657000,17:24:00,17:24:00,55032,16,,0,0,,0
9657000,17:24:00,17:24:00,55839,17,,0,0,,0
9657000,17:25:00,17:25:00,58493,18,,0,0,,1
9657000,17:33:00,17:33:00,57675,19,,0,0,,0
9657000,17:33:00,17:33:00,54299,20,,0,0,,0
9657000,17:34:00,17:34:00,53189,21,,0,0,,0
9657000,17:48:00,17:48:00,51397,22,,0,0,,1
9657000,17:53:00,17:53:00,51313,23,,0,0,,0
9657000,17:54:00,17:54:00,54232,24,,0,0,,0
9657000,17:54:00,17:54:00,53187,25,,0,0,,0
9657000,17:56:00,17:56:00,53214,26,,0,0,,0
9657000,17:57:00,17:57:00,54720,27,,0,0,,0
9657000,17:58:00,17:58:00,53171,28,,0,0,,0
9657000,17:58:00,17:58:00,56762,29,,0,0,,0
9657000,17:59:00,17:59:00,57718,30,,0,0,,0
9657000,18:00:00,18:00:00,50782,31,,1,0,,1
9656970,17:35:00,17:35:00,55303,1,,0,0,,1
9656970,17:35:00,17:35:00,58409,2,,0,0,,0
9656970,17:36:00,17:36:00,58154,3,,0,0,,0
9656970,17:37:00,17:37:00,50771,4,,0,0,,0
9656970,17:38:00,17:38:00,51519,5,,0,0,,0
9656970,17:39:00,17:39:00,55305,6,,0,0,,0
9656970,17:39:00,17:39:00,58496,7,,0,0,,0
9656970,17:41:00,17:41:00,56544,8,,0,0,,1
9656970,17:42:00,17:42:00,50772,9,,0,0,,0
9656970,17:43:00,17:43:00,58776,10,,0,0,,0
9656970,17:44:00,17:44:00,55021,11,,0,0,,0
9656970,17:44:00,17:44:00,51446,12,,0,0,,0
9656970,17:45:00,17:45:00,53128,13,,0,0,,0
9656970,17:45:00,17:45:00,55315,14,,0,0,,0
9656970,17:46:00,17:46:00,52259,15,,0,0,,0
9656970,17:47:00,17:47:00,55032,16,,0,0,,0
9656970,17:47:00,17:47:00,55839,17,,0,0,,0
9656970,17:48:00,17:48:00,58493,18,,0,0,,1
9656970,17:56:00,17:56:00,57675,19,,0,0,,0
9656970,17:56:00,17:56:00,54299,20,,0,0,,0
9656970,17:57:00,17:57:00,53189,21,,0,0,,0
9656970,18:11:00,18:11:00,51397,22,,0,0,,1
9656970,18:16:00,18:16:00,51313,23,,0,0,,0
9656970,18:17:00,18:17:00,54232,24,,0,0,,0
9656970,18:17:00,18:17:00,53187,25,,0,0,,0
9656970,18:19:00,18:19:00,53214,26,,0,0,,0
9656970,18:20:00,18:20:00,54720,27,,0,0,,0
9656970,18:21:00,18:21:00,53171,28,,0,0,,0
9656970,18:21:00,18:21:00,56762,29,,0,0,,0
9656970,18:22:00,18:22:00,57718,30,,0,0,,0
9656970,18:23:00,18:23:00,50782,31,,1,0,,1
9656995,18:05:00,18:05:00,55303,1,,0,0,,1
9656995,18:05:00,18:05:00,58409,2,,0,0,,0
9656995,18:06:00,18:06:00,58154,3,,0,0,,0
9656995,18:07:00,18:07:00,50771,4,,0,0,,0
9656995,18:08:00,18:08:00,51519,5,,0,0,,0
9656995,18:09:00,18:09:00,55305,6,,0,0,,0
9656995,18:09:00,18:09:00,58496,7,,0,0,,0
9656995,18:11:00,18:11:00,56544,8,,0,0,,1
9656995,18:12:00,18:12:00,50772,9,,0,0,,0
9656995,18:13:00,18:13:00,58776,10,,0,0,,0
9656995,18:13:00,18:13:00,55021,11,,0,0,,0
9656995,18:14:00,18:14:00,51446,12,,0,0,,0
9656995,18:14:00,18:14:00,53128,13,,0,0,,0
9656995,18:15:00,18:15:00,55315,14,,0,0,,0
9656995,18:16:00,18:16:00,52259,15,,0,0,,0
9656995,18:16:00,18:16:00,55032,16,,0,0,,0
9656995,18:16:00,18:16:00,55839,17,,0,0,,0
9656995,18:17:00,18:17:00,58493,18,,0,0,,1
9656995,18:24:00,18:24:00,57675,19,,0,0,,0
9656995,18:25:00,18:25:00,54299,20,,0,0,,0
9656995,18:25:00,18:25:00,53189,21,,0,0,,0
9656995,18:38:00,18:38:00,51397,22,,0,0,,1
9656995,18:42:00,18:42:00,51313,23,,0,0,,0
9656995,18:43:00,18:43:00,54232,24,,0,0,,0
9656995,18:43:00,18:43:00,53187,25,,0,0,,0
9656995,18:45:00,18:45:00,53214,26,,0,0,,0
9656995,18:45:00,18:45:00,54720,27,,0,0,,0
9656995,18:46:00,18:46:00,53171,28,,0,0,,0
9656995,18:46:00,18:46:00,56762,29,,0,0,,0
9656995,18:47:00,18:47:00,57718,30,,0,0,,0
9656995,18:48:00,18:48:00,50782,31,,1,0,,1
9656986,18:35:00,18:35:00,55303,1,,0,0,,1
9656986,18:35:00,18:35:00,58409,2,,0,0,,0
9656986,18:36:00,18:36:00,58154,3,,0,0,,0
9656986,18:37:00,18:37:00,50771,4,,0,0,,0
9656986,18:38:00,18:38:00,51519,5,,0,0,,0
9656986,18:39:00,18:39:00,55305,6,,0,0,,0
9656986,18:39:00,18:39:00,58496,7,,0,0,,0
9656986,18:41:00,18:41:00,56544,8,,0,0,,1
9656986,18:42:00,18:42:00,50772,9,,0,0,,0
9656986,18:43:00,18:43:00,58776,10,,0,0,,0
9656986,18:43:00,18:43:00,55021,11,,0,0,,0
9656986,18:44:00,18:44:00,51446,12,,0,0,,0
9656986,18:44:00,18:44:00,53128,13,,0,0,,0
9656986,18:45:00,18:45:00,55315,14,,0,0,,0
9656986,18:46:00,18:46:00,52259,15,,0,0,,0
9656986,18:46:00,18:46:00,55032,16,,0,0,,0
9656986,18:46:00,18:46:00,55839,17,,0,0,,0
9656986,18:47:00,18:47:00,58493,18,,0,0,,1
9656986,18:54:00,18:54:00,57675,19,,0,0,,0
9656986,18:55:00,18:55:00,54299,20,,0,0,,0
9656986,18:55:00,18:55:00,53189,21,,0,0,,0
9656986,19:08:00,19:08:00,51397,22,,0,0,,1
9656986,19:12:00,19:12:00,51313,23,,0,0,,0
9656986,19:13:00,19:13:00,54232,24,,0,0,,0
9656986,19:13:00,19:13:00,53187,25,,0,0,,0
9656986,19:15:00,19:15:00,53214,26,,0,0,,0
9656986,19:15:00,19:15:00,54720,27,,0,0,,0
9656986,19:16:00,19:16:00,53171,28,,0,0,,0
9656986,19:16:00,19:16:00,56762,29,,0,0,,0
9656986,19:17:00,19:17:00,57718,30,,0,0,,0
9656986,19:18:00,19:18:00,50782,31,,1,0,,1
9656997,19:05:00,19:05:00,55303,1,,0,0,,1
9656997,19:05:00,19:05:00,58409,2,,0,0,,0
9656997,19:06:00,19:06:00,58154,3,,0,0,,0
9656997,19:07:00,19:07:00,50771,4,,0,0,,0
9656997,19:08:00,19:08:00,51519,5,,0,0,,0
9656997,19:09:00,19:09:00,55305,6,,0,0,,0
9656997,19:09:00,19:09:00,58496,7,,0,0,,0
9656997,19:11:00,19:11:00,56544,8,,0,0,,1
9656997,19:12:00,19:12:00,50772,9,,0,0,,0
9656997,19:13:00,19:13:00,58776,10,,0,0,,0
9656997,19:13:00,19:13:00,55021,11,,0,0,,0
9656997,19:14:00,19:14:00,51446,12,,0,0,,0
9656997,19:14:00,19:14:00,53128,13,,0,0,,0
9656997,19:15:00,19:15:00,55315,14,,0,0,,0
9656997,19:16:00,19:16:00,52259,15,,0,0,,0
9656997,19:16:00,19:16:00,55032,16,,0,0,,0
9656997,19:16:00,19:16:00,55839,17,,0,0,,0
9656997,19:17:00,19:17:00,58493,18,,0,0,,1
9656997,19:24:00,19:24:00,57675,19,,0,0,,0
9656997,19:25:00,19:25:00,54299,20,,0,0,,0
9656997,19:25:00,19:25:00,53189,21,,0,0,,0
9656997,19:38:00,19:38:00,51397,22,,0,0,,1
9656997,19:42:00,19:42:00,51313,23,,0,0,,0
9656997,19:43:00,19:43:00,54232,24,,0,0,,0
9656997,19:43:00,19:43:00,53187,25,,0,0,,0
9656997,19:45:00,19:45:00,53214,26,,0,0,,0
9656997,19:45:00,19:45:00,54720,27,,0,0,,0
9656997,19:46:00,19:46:00,53171,28,,0,0,,0
9656997,19:46:00,19:46:00,56762,29,,0,0,,0
9656997,19:47:00,19:47:00,57718,30,,0,0,,0
9656997,19:48:00,19:48:00,50782,31,,1,0,,1
9657002,19:45:00,19:45:00,55303,1,,0,0,,1
9657002,19:45:00,19:45:00,58409,2,,0,0,,0
9657002,19:46:00,19:46:00,58154,3,,0,0,,0
9657002,19:47:00,19:47:00,50771,4,,0,0,,0
9657002,19:48:00,19:48:00,51519,5,,0,0,,0
9657002,19:49:00,19:49:00,55305,6,,0,0,,0
9657002,19:49:00,19:49:00,58496,7,,0,0,,0
9657002,19:51:00,19:51:00,56544,8,,0,0,,1
9657002,19:52:00,19:52:00,50772,9,,0,0,,0
9657002,19:53:00,19:53:00,58776,10,,0,0,,0
9657002,19:53:00,19:53:00,55021,11,,0,0,,0
9657002,19:54:00,19:54:00,51446,12,,0,0,,0
9657002,19:54:00,19:54:00,53128,13,,0,0,,0
9657002,19:55:00,19:55:00,55315,14,,0,0,,0
9657002,19:56:00,19:56:00,52259,15,,0,0,,0
9657002,19:56:00,19:56:00,55032,16,,0,0,,0
9657002,19:56:00,19:56:00,55839,17,,0,0,,0
9657002,19:57:00,19:57:00,58493,18,,0,0,,1
9657002,20:04:00,20:04:00,57675,19,,0,0,,0
9657002,20:05:00,20:05:00,54299,20,,0,0,,0
9657002,20:05:00,20:05:00,53189,21,,0,0,,0
9657002,20:18:00,20:18:00,51397,22,,0,0,,1
9657002,20:22:00,20:22:00,51313,23,,0,0,,0
9657002,20:23:00,20:23:00,54232,24,,0,0,,0
9657002,20:23:00,20:23:00,53187,25,,0,0,,0
9657002,20:25:00,20:25:00,53214,26,,0,0,,0
9657002,20:25:00,20:25:00,54720,27,,0,0,,0
9657002,20:26:00,20:26:00,53171,28,,0,0,,0
9657002,20:26:00,20:26:00,56762,29,,0,0,,0
9657002,20:27:00,20:27:00,57718,30,,0,0,,0
9657002,20:28:00,20:28:00,50782,31,,1,0,,1
9656927,5:10:00,5:10:00,50782,1,,0,0,,1
9656927,5:11:00,5:11:00,53338,2,,0,0,,0
9656927,5:12:00,5:12:00,55877,3,,0,0,,0
9656927,5:13:00,5:13:00,55295,4,,0,0,,0
9656927,5:13:00,5:13:00,50252,5,,0,0,,0
9656927,5:14:00,5:14:00,53173,6,,0,0,,0
9656927,5:16:00,5:16:00,53185,7,,0,0,,0
9656927,5:16:00,5:16:00,55056,8,,0,0,,0
9656927,5:16:00,5:16:00,52911,9,,0,0,,0
9656927,5:21:00,5:21:00,51397,10,,0,0,,1
9656927,5:33:00,5:33:00,51449,11,,0,0,,0
9656927,5:34:00,5:34:00,55804,12,,0,0,,0
9656927,5:41:00,5:41:00,55184,13,,0,0,,1
9656927,5:41:00,5:41:00,50854,14,,0,0,,0
9656927,5:42:00,5:42:00,51854,15,,0,0,,0
9656927,5:42:00,5:42:00,56494,16,,0,0,,0
9656927,5:43:00,5:43:00,52854,17,,0,0,,0
9656927,5:43:00,5:43:00,53404,18,,0,0,,0
9656927,5:44:00,5:44:00,53414,19,,0,0,,0
9656927,5:45:00,5:45:00,53424,20,,0,0,,0
9656927,5:45:00,5:45:00,53464,21,,0,0,,0
9656927,5:46:00,5:46:00,53494,22,,0,0,,0
9656927,5:46:00,5:46:00,58496,23,,0,0,,0
9656927,5:48:00,5:48:00,56544,24,,0,0,,1
9656927,5:51:00,5:51:00,53843,25,,0,0,,0
9656927,5:52:00,5:52:00,53854,26,,0,0,,0
9656927,5:53:00,5:53:00,58984,27,,0,0,,0
9656927,5:54:00,5:54:00,56404,28,,0,0,,0
9656927,5:55:00,5:55:00,50434,29,,0,0,,0
9656927,5:56:00,5:56:00,56336,30,,1,0,,1
9656935,5:40:00,5:40:00,50782,1,,0,0,,1
9656935,5:41:00,5:41:00,53338,2,,0,0,,0
9656935,5:42:00,5:42:00,55877,3,,0,0,,0
9656935,5:43:00,5:43:00,55295,4,,0,0,,0
9656935,5:43:00,5:43:00,50252,5,,0,0,,0
9656935,5:44:00,5:44:00,53173,6,,0,0,,0
9656935,5:46:00,5:46:00,53185,7,,0,0,,0
9656935,5:46:00,5:46:00,55056,8,,0,0,,0
9656935,5:46:00,5:46:00,52911,9,,0,0,,0
9656935,5:51:00,5:51:00,51397,10,,0,0,,1
9656935,6:03:00,6:03:00,51449,11,,0,0,,0
9656935,6:04:00,6:04:00,55804,12,,0,0,,0
9656935,6:11:00,6:11:00,55184,13,,0,0,,1
9656935,6:11:00,6:11:00,50854,14,,0,0,,0
9656935,6:12:00,6:12:00,51854,15,,0,0,,0
9656935,6:12:00,6:12:00,56494,16,,0,0,,0
9656935,6:13:00,6:13:00,52854,17,,0,0,,0
9656935,6:13:00,6:13:00,53404,18,,0,0,,0
9656935,6:14:00,6:14:00,53414,19,,0,0,,0
9656935,6:15:00,6:15:00,53424,20,,0,0,,0
9656935,6:15:00,6:15:00,53464,21,,0,0,,0
9656935,6:16:00,6:16:00,53494,22,,0,0,,0
9656935,6:16:00,6:16:00,58496,23,,0,0,,0
9656935,6:18:00,6:18:00,56544,24,,0,0,,1
9656935,6:21:00,6:21:00,53843,25,,0,0,,0
9656935,6:22:00,6:22:00,53854,26,,0,0,,0
9656935,6:23:00,6:23:00,58984,27,,0,0,,0
9656935,6:24:00,6:24:00,56404,28,,0,0,,0
9656935,6:25:00,6:25:00,50434,29,,0,0,,0
9656935,6:26:00,6:26:00,56336,30,,1,0,,1
9656939,6:10:00,6:10:00,50782,1,,0,0,,1
9656939,6:11:00,6:11:00,53338,2,,0,0,,0
9656939,6:12:00,6:12:00,55877,3,,0,0,,0
9656939,6:13:00,6:13:00,55295,4,,0,0,,0
9656939,6:13:00,6:13:00,50252,5,,0,0,,0
9656939,6:14:00,6:14:00,53173,6,,0,0,,0
9656939,6:16:00,6:16:00,53185,7,,0,0,,0
9656939,6:16:00,6:16:00,55056,8,,0,0,,0
9656939,6:16:00,6:16:00,52911,9,,0,0,,0
9656939,6:21:00,6:21:00,51397,10,,0,0,,1
9656939,6:33:00,6:33:00,51449,11,,0,0,,0
9656939,6:34:00,6:34:00,55804,12,,0,0,,0
9656939,6:41:00,6:41:00,55184,13,,0,0,,1
9656939,6:41:00,6:41:00,50854,14,,0,0,,0
9656939,6:42:00,6:42:00,51854,15,,0,0,,0
9656939,6:42:00,6:42:00,56494,16,,0,0,,0
9656939,6:43:00,6:43:00,52854,17,,0,0,,0
9656939,6:43:00,6:43:00,53404,18,,0,0,,0
9656939,6:44:00,6:44:00,53414,19,,0,0,,0
9656939,6:45:00,6:45:00,53424,20,,0,0,,0
9656939,6:45:00,6:45:00,53464,21,,0,0,,0
9656939,6:46:00,6:46:00,53494,22,,0,0,,0
9656939,6:46:00,6:46:00,58496,23,,0,0,,0
9656939,6:48:00,6:48:00,56544,24,,0,0,,1
9656939,6:51:00,6:51:00,53843,25,,0,0,,0
9656939,6:52:00,6:52:00,53854,26,,0,0,,0
9656939,6:53:00,6:53:00,58984,27,,0,0,,0
9656939,6:54:00,6:54:00,56404,28,,0,0,,0
9656939,6:55:00,6:55:00,50434,29,,0,0,,0
9656939,6:56:00,6:56:00,56336,30,,1,0,,1
9656950,6:40:00,6:40:00,50782,1,,0,0,,1
9656950,6:41:00,6:41:00,53338,2,,0,0,,0
9656950,6:42:00,6:42:00,55877,3,,0,0,,0
9656950,6:43:00,6:43:00,55295,4,,0,0,,0
9656950,6:43:00,6:43:00,50252,5,,0,0,,0
9656950,6:44:00,6:44:00,53173,6,,0,0,,0
9656950,6:46:00,6:46:00,53185,7,,0,0,,0
9656950,6:46:00,6:46:00,55056,8,,0,0,,0
9656950,6:46:00,6:46:00,52911,9,,0,0,,0
9656950,6:51:00,6:51:00,51397,10,,0,0,,1
9656950,7:03:00,7:03:00,51449,11,,0,0,,0
9656950,7:04:00,7:04:00,55804,12,,0,0,,0
9656950,7:11:00,7:11:00,55184,13,,0,0,,1
9656950,7:11:00,7:11:00,50854,14,,0,0,,0
9656950,7:12:00,7:12:00,51854,15,,0,0,,0
9656950,7:12:00,7:12:00,56494,16,,0,0,,0
9656950,7:13:00,7:13:00,52854,17,,0,0,,0
9656950,7:13:00,7:13:00,53404,18,,0,0,,0
9656950,7:14:00,7:14:00,53414,19,,0,0,,0
9656950,7:15:00,7:15:00,53424,20,,0,0,,0
9656950,7:15:00,7:15:00,53464,21,,0,0,,0
9656950,7:16:00,7:16:00,53494,22,,0,0,,0
9656950,7:16:00,7:16:00,58496,23,,0,0,,0
9656950,7:18:00,7:18:00,56544,24,,0,0,,1
9656950,7:21:00,7:21:00,53843,25,,0,0,,0
9656950,7:22:00,7:22:00,53854,26,,0,0,,0
9656950,7:23:00,7:23:00,58984,27,,0,0,,0
9656950,7:24:00,7:24:00,56404,28,,0,0,,0
9656950,7:25:00,7:25:00,50434,29,,0,0,,0
9656950,7:26:00,7:26:00,56336,30,,1,0,,1
9656937,7:10:00,7:10:00,50782,1,,0,0,,1
9656937,7:11:00,7:11:00,53338,2,,0,0,,0
9656937,7:12:00,7:12:00,55877,3,,0,0,,0
9656937,7:13:00,7:13:00,55295,4,,0,0,,0
9656937,7:13:00,7:13:00,50252,5,,0,0,,0
9656937,7:14:00,7:14:00,53173,6,,0,0,,0
9656937,7:16:00,7:16:00,53185,7,,0,0,,0
9656937,7:16:00,7:16:00,55056,8,,0,0,,0
9656937,7:16:00,7:16:00,52911,9,,0,0,,0
9656937,7:21:00,7:21:00,51397,10,,0,0,,1
9656937,7:33:00,7:33:00,51449,11,,0,0,,0
9656937,7:34:00,7:34:00,55804,12,,0,0,,0
9656937,7:41:00,7:41:00,55184,13,,0,0,,1
9656937,7:41:00,7:41:00,50854,14,,0,0,,0
9656937,7:42:00,7:42:00,51854,15,,0,0,,0
9656937,7:42:00,7:42:00,56494,16,,0,0,,0
9656937,7:43:00,7:43:00,52854,17,,0,0,,0
9656937,7:43:00,7:43:00,53404,18,,0,0,,0
9656937,7:44:00,7:44:00,53414,19,,0,0,,0
9656937,7:45:00,7:45:00,53424,20,,0,0,,0
9656937,7:45:00,7:45:00,53464,21,,0,0,,0
9656937,7:46:00,7:46:00,53494,22,,0,0,,0
9656937,7:46:00,7:46:00,58496,23,,0,0,,0
9656937,7:48:00,7:48:00,56544,24,,0,0,,1
9656937,7:51:00,7:51:00,53843,25,,0,0,,0
9656937,7:52:00,7:52:00,53854,26,,0,0,,0
9656937,7:53:00,7:53:00,58984,27,,0,0,,0
9656937,7:54:00,7:54:00,56404,28,,0,0,,0
9656937,7:55:00,7:55:00,50434,29,,0,0,,0
9656937,7:56:00,7:56:00,56336,30,,1,0,,1
9656941,7:40:00,7:40:00,50782,1,,0,0,,1
9656941,7:41:00,7:41:00,53338,2,,0,0,,0
9656941,7:42:00,7:42:00,55877,3,,0,0,,0
9656941,7:43:00,7:43:00,55295,4,,0,0,,0
9656941,7:43:00,7:43:00,50252,5,,0,0,,0
9656941,7:44:00,7:44:00,53173,6,,0,0,,0
9656941,7:46:00,7:46:00,53185,7,,0,0,,0
9656941,7:46:00,7:46:00,55056,8,,0,0,,0
9656941,7:46:00,7:46:00,52911,9,,0,0,,0
9656941,7:51:00,7:51:00,51397,10,,0,0,,1
9656941,8:03:00,8:03:00,51449,11,,0,0,,0
9656941,8:04:00,8:04:00,55804,12,,0,0,,0
9656941,8:11:00,8:11:00,55184,13,,0,0,,1
9656941,8:11:00,8:11:00,50854,14,,0,0,,0
9656941,8:12:00,8:12:00,51854,15,,0,0,,0
9656941,8:12:00,8:12:00,56494,16,,0,0,,0
9656941,8:13:00,8:13:00,52854,17,,0,0,,0
9656941,8:13:00,8:13:00,53404,18,,0,0,,0
9656941,8:14:00,8:14:00,53414,19,,0,0,,0
9656941,8:15:00,8:15:00,53424,20,,0,0,,0
9656941,8:15:00,8:15:00,53464,21,,0,0,,0
9656941,8:16:00,8:16:00,53494,22,,0,0,,0
9656941,8:16:00,8:16:00,58496,23,,0,0,,0
9656941,8:18:00,8:18:00,56544,24,,0,0,,1
9656941,8:21:00,8:21:00,53843,25,,0,0,,0
9656941,8:22:00,8:22:00,53854,26,,0,0,,0
9656941,8:23:00,8:23:00,58984,27,,0,0,,0
9656941,8:24:00,8:24:00,56404,28,,0,0,,0
9656941,8:25:00,8:25:00,50434,29,,0,0,,0
9656941,8:26:00,8:26:00,56336,30,,1,0,,1
9656946,8:10:00,8:10:00,50782,1,,0,0,,1
9656946,8:11:00,8:11:00,53338,2,,0,0,,0
9656946,8:12:00,8:12:00,55877,3,,0,0,,0
9656946,8:13:00,8:13:00,55295,4,,0,0,,0
9656946,8:13:00,8:13:00,50252,5,,0,0,,0
9656946,8:14:00,8:14:00,53173,6,,0,0,,0
9656946,8:16:00,8:16:00,53185,7,,0,0,,0
9656946,8:16:00,8:16:00,55056,8,,0,0,,0
9656946,8:16:00,8:16:00,52911,9,,0,0,,0
9656946,8:21:00,8:21:00,51397,10,,0,0,,1
9656946,8:33:00,8:33:00,51449,11,,0,0,,0
9656946,8:34:00,8:34:00,55804,12,,0,0,,0
9656946,8:41:00,8:41:00,55184,13,,0,0,,1
9656946,8:41:00,8:41:00,50854,14,,0,0,,0
9656946,8:42:00,8:42:00,51854,15,,0,0,,0
9656946,8:42:00,8:42:00,56494,16,,0,0,,0
9656946,8:43:00,8:43:00,52854,17,,0,0,,0
9656946,8:43:00,8:43:00,53404,18,,0,0,,0
9656946,8:44:00,8:44:00,53414,19,,0,0,,0
9656946,8:45:00,8:45:00,53424,20,,0,0,,0
9656946,8:45:00,8:45:00,53464,21,,0,0,,0
9656946,8:46:00,8:46:00,53494,22,,0,0,,0
9656946,8:46:00,8:46:00,58496,23,,0,0,,0
9656946,8:48:00,8:48:00,56544,24,,0,0,,1
9656946,8:51:00,8:51:00,53843,25,,0,0,,0
9656946,8:52:00,8:52:00,53854,26,,0,0,,0
9656946,8:53:00,8:53:00,58984,27,,0,0,,0
9656946,8:54:00,8:54:00,56404,28,,0,0,,0
9656946,8:55:00,8:55:00,50434,29,,0,0,,0
9656946,8:56:00,8:56:00,56336,30,,1,0,,1
9656952,8:51:00,8:51:00,50782,1,,0,0,,1
9656952,8:52:00,8:52:00,53338,2,,0,0,,0
9656952,8:53:00,8:53:00,55877,3,,0,0,,0
9656952,8:54:00,8:54:00,55295,4,,0,0,,0
9656952,8:54:00,8:54:00,50252,5,,0,0,,0
9656952,8:55:00,8:55:00,53173,6,,0,0,,0
9656952,8:57:00,8:57:00,53185,7,,0,0,,0
9656952,8:57:00,8:57:00,55056,8,,0,0,,0
9656952,8:57:00,8:57:00,52911,9,,0,0,,0
9656952,9:02:00,9:02:00,51397,10,,0,0,,1
9656952,9:14:00,9:14:00,51449,11,,0,0,,0
9656952,9:15:00,9:15:00,55804,12,,0,0,,0
9656952,9:22:00,9:22:00,55184,13,,0,0,,1
9656952,9:22:00,9:22:00,50854,14,,0,0,,0
9656952,9:23:00,9:23:00,51854,15,,0,0,,0
9656952,9:23:00,9:23:00,56494,16,,0,0,,0
9656952,9:24:00,9:24:00,52854,17,,0,0,,0
9656952,9:24:00,9:24:00,53404,18,,0,0,,0
9656952,9:25:00,9:25:00,53414,19,,0,0,,0
9656952,9:26:00,9:26:00,53424,20,,0,0,,0
9656952,9:26:00,9:26:00,53464,21,,0,0,,0
9656952,9:27:00,9:27:00,53494,22,,0,0,,0
9656952,9:27:00,9:27:00,58496,23,,0,0,,0
9656952,9:29:00,9:29:00,56544,24,,0,0,,1
9656952,9:32:00,9:32:00,53843,25,,0,0,,0
9656952,9:33:00,9:33:00,53854,26,,0,0,,0
9656952,9:34:00,9:34:00,58984,27,,0,0,,0
9656952,9:35:00,9:35:00,56404,28,,0,0,,0
9656952,9:36:00,9:36:00,50434,29,,0,0,,0
9656952,9:37:00,9:37:00,56336,30,,1,0,,1
9656925,10:00:00,10:00:00,50782,1,,0,0,,1
9656925,10:01:00,10:01:00,53338,2,,0,0,,0
9656925,10:02:00,10:02:00,55877,3,,0,0,,0
9656925,10:03:00,10:03:00,55295,4,,0,0,,0
9656925,10:03:00,10:03:00,50252,5,,0,0,,0
9656925,10:04:00,10:04:00,53173,6,,0,0,,0
9656925,10:06:00,10:06:00,53185,7,,0,0,,0
9656925,10:07:00,10:07:00,55056,8,,0,0,,0
9656925,10:07:00,10:07:00,52911,9,,0,0,,0
9656925,10:12:00,10:12:00,51397,10,,0,0,,1
9656925,10:24:00,10:24:00,51449,11,,0,0,,0
9656925,10:25:00,10:25:00,55804,12,,0,0,,0
9656925,10:32:00,10:32:00,55184,13,,0,0,,1
9656925,10:32:00,10:32:00,50854,14,,0,0,,0
9656925,10:33:00,10:33:00,51854,15,,0,0,,0
9656925,10:33:00,10:33:00,56494,16,,0,0,,0
9656925,10:34:00,10:34:00,52854,17,,0,0,,0
9656925,10:34:00,10:34:00,53404,18,,0,0,,0
9656925,10:35:00,10:35:00,53414,19,,0,0,,0
9656925,10:36:00,10:36:00,53424,20,,0,0,,0
9656925,10:36:00,10:36:00,53464,21,,0,0,,0
9656925,10:37:00,10:37:00,53494,22,,0,0,,0
9656925,10:37:00,10:37:00,58496,23,,0,0,,0
9656925,10:39:00,10:39:00,56544,24,,0,0,,1
9656925,10:42:00,10:42:00,53843,25,,0,0,,0
9656925,10:43:00,10:43:00,53854,26,,0,0,,0
9656925,10:44:00,10:44:00,58984,27,,0,0,,0
9656925,10:45:00,10:45:00,56404,28,,0,0,,0
9656925,10:46:00,10:46:00,50434,29,,0,0,,0
9656925,10:47:00,10:47:00,56336,30,,1,0,,1
9656953,10:55:00,10:55:00,50782,1,,0,0,,1
9656953,10:56:00,10:56:00,53338,2,,0,0,,0
9656953,10:57:00,10:57:00,55877,3,,0,0,,0
9656953,10:58:00,10:58:00,55295,4,,0,0,,0
9656953,10:58:00,10:58:00,50252,5,,0,0,,0
9656953,10:59:00,10:59:00,53173,6,,0,0,,0
9656953,11:01:00,11:01:00,53185,7,,0,0,,0
9656953,11:02:00,11:02:00,55056,8,,0,0,,0
9656953,11:02:00,11:02:00,52911,9,,0,0,,0
9656953,11:07:00,11:07:00,51397,10,,0,0,,1
9656953,11:19:00,11:19:00,51449,11,,0,0,,0
9656953,11:20:00,11:20:00,55804,12,,0,0,,0
9656953,11:27:00,11:27:00,55184,13,,0,0,,1
9656953,11:27:00,11:27:00,50854,14,,0,0,,0
9656953,11:28:00,11:28:00,51854,15,,0,0,,0
9656953,11:28:00,11:28:00,56494,16,,0,0,,0
9656953,11:29:00,11:29:00,52854,17,,0,0,,0
9656953,11:29:00,11:29:00,53404,18,,0,0,,0
9656953,11:30:00,11:30:00,53414,19,,0,0,,0
9656953,11:31:00,11:31:00,53424,20,,0,0,,0
9656953,11:31:00,11:31:00,53464,21,,0,0,,0
9656953,11:32:00,11:32:00,53494,22,,0,0,,0
9656953,11:32:00,11:32:00,58496,23,,0,0,,0
9656953,11:34:00,11:34:00,56544,24,,0,0,,1
9656953,11:36:00,11:36:00,53843,25,,0,0,,0
9656953,11:37:00,11:37:00,53854,26,,0,0,,0
9656953,11:38:00,11:38:00,58984,27,,0,0,,0
9656953,11:39:00,11:39:00,56404,28,,0,0,,0
9656953,11:40:00,11:40:00,50434,29,,0,0,,0
9656953,11:41:00,11:41:00,56336,30,,1,0,,1
9656971,11:59:00,11:59:00,50782,1,,0,0,,1
9656971,12:00:00,12:00:00,53338,2,,0,0,,0
9656971,12:01:00,12:01:00,55877,3,,0,0,,0
9656971,12:02:00,12:02:00,55295,4,,0,0,,0
9656971,12:02:00,12:02:00,50252,5,,0,0,,0
9656971,12:03:00,12:03:00,53173,6,,0,0,,0
9656971,12:05:00,12:05:00,53185,7,,0,0,,0
9656971,12:06:00,12:06:00,55056,8,,0,0,,0
9656971,12:06:00,12:06:00,52911,9,,0,0,,0
9656971,12:11:00,12:11:00,51397,10,,0,0,,1
9656971,12:23:00,12:23:00,51449,11,,0,0,,0
9656971,12:24:00,12:24:00,55804,12,,0,0,,0
9656971,12:31:00,12:31:00,55184,13,,0,0,,1
9656971,12:31:00,12:31:00,50854,14,,0,0,,0
9656971,12:32:00,12:32:00,51854,15,,0,0,,0
9656971,12:32:00,12:32:00,56494,16,,0,0,,0
9656971,12:33:00,12:33:00,52854,17,,0,0,,0
9656971,12:33:00,12:33:00,53404,18,,0,0,,0
9656971,12:34:00,12:34:00,53414,19,,0,0,,0
9656971,12:35:00,12:35:00,53424,20,,0,0,,0
9656971,12:35:00,12:35:00,53464,21,,0,0,,0
9656971,12:36:00,12:36:00,53494,22,,0,0,,0
9656971,12:36:00,12:36:00,58496,23,,0,0,,0
9656971,12:38:00,12:38:00,56544,24,,0,0,,1
9656971,12:40:00,12:40:00,53843,25,,0,0,,0
9656971,12:41:00,12:41:00,53854,26,,0,0,,0
9656971,12:42:00,12:42:00,58984,27,,0,0,,0
9656971,12:43:00,12:43:00,56404,28,,0,0,,0
9656971,12:44:00,12:44:00,50434,29,,0,0,,0
9656971,12:45:00,12:45:00,56336,30,,1,0,,1
9656987,12:43:00,12:43:00,50782,1,,0,0,,1
9656987,12:44:00,12:44:00,53338,2,,0,0,,0
9656987,12:45:00,12:45:00,55877,3,,0,0,,0
9656987,12:46:00,12:46:00,55295,4,,0,0,,0
9656987,12:46:00,12:46:00,50252,5,,0,0,,0
9656987,12:47:00,12:47:00,53173,6,,0,0,,0
9656987,12:49:00,12:49:00,53185,7,,0,0,,0
9656987,12:50:00,12:50:00,55056,8,,0,0,,0
9656987,12:50:00,12:50:00,52911,9,,0,0,,0
9656987,12:55:00,12:55:00,51397,10,,0,0,,1
9656987,13:07:00,13:07:00,51449,11,,0,0,,0
9656987,13:08:00,13:08:00,55804,12,,0,0,,0
9656987,13:15:00,13:15:00,55184,13,,0,0,,1
9656987,13:15:00,13:15:00,50854,14,,0,0,,0
9656987,13:16:00,13:16:00,51854,15,,0,0,,0
9656987,13:16:00,13:16:00,56494,16,,0,0,,0
9656987,13:17:00,13:17:00,52854,17,,0,0,,0
9656987,13:17:00,13:17:00,53404,18,,0,0,,0
9656987,13:18:00,13:18:00,53414,19,,0,0,,0
9656987,13:19:00,13:19:00,53424,20,,0,0,,0
9656987,13:19:00,13:19:00,53464,21,,0,0,,0
9656987,13:20:00,13:20:00,53494,22,,0,0,,0
9656987,13:20:00,13:20:00,58496,23,,0,0,,0
9656987,13:22:00,13:22:00,56544,24,,0,0,,1
9656987,13:24:00,13:24:00,53843,25,,0,0,,0
9656987,13:25:00,13:25:00,53854,26,,0,0,,0
9656987,13:26:00,13:26:00,58984,27,,0,0,,0
9656987,13:27:00,13:27:00,56404,28,,0,0,,0
9656987,13:28:00,13:28:00,50434,29,,0,0,,0
9656987,13:29:00,13:29:00,56336,30,,1,0,,1
9656980,13:40:00,13:40:00,50782,1,,0,0,,1
9656980,13:41:00,13:41:00,53338,2,,0,0,,0
9656980,13:42:00,13:42:00,55877,3,,0,0,,0
9656980,13:43:00,13:43:00,55295,4,,0,0,,0
9656980,13:43:00,13:43:00,50252,5,,0,0,,0
9656980,13:44:00,13:44:00,53173,6,,0,0,,0
9656980,13:46:00,13:46:00,53185,7,,0,0,,0
9656980,13:47:00,13:47:00,55056,8,,0,0,,0
9656980,13:47:00,13:47:00,52911,9,,0,0,,0
9656980,13:52:00,13:52:00,51397,10,,0,0,,1
9656980,14:04:00,14:04:00,51449,11,,0,0,,0
9656980,14:05:00,14:05:00,55804,12,,0,0,,0
9656980,14:12:00,14:12:00,55184,13,,0,0,,1
9656980,14:12:00,14:12:00,50854,14,,0,0,,0
9656980,14:13:00,14:13:00,51854,15,,0,0,,0
9656980,14:14:00,14:14:00,56494,16,,0,0,,0
9656980,14:15:00,14:15:00,58054,17,,0,0,,0
9656980,14:16:00,14:16:00,58108,18,,0,0,,0
9656980,14:22:00,14:22:00,55303,19,,1,0,,1
9657010,14:15:00,14:15:00,50782,1,,0,0,,1
9657010,14:16:00,14:16:00,53338,2,,0,0,,0
9657010,14:17:00,14:17:00,55877,3,,0,0,,0
9657010,14:18:00,14:18:00,55295,4,,0,0,,0
9657010,14:18:00,14:18:00,50252,5,,0,0,,0
9657010,14:19:00,14:19:00,53173,6,,0,0,,0
9657010,14:21:00,14:21:00,53185,7,,0,0,,0
9657010,14:22:00,14:22:00,55056,8,,0,0,,0
9657010,14:22:00,14:22:00,52911,9,,0,0,,0
9657010,14:27:00,14:27:00,51397,10,,0,0,,1
9657010,14:39:00,14:39:00,51449,11,,0,0,,0
9657010,14:40:00,14:40:00,55804,12,,0,0,,0
9657010,14:47:00,14:47:00,55184,13,,0,0,,1
9657010,14:47:00,14:47:00,50854,14,,0,0,,0
9657010,14:48:00,14:48:00,51854,15,,0,0,,0
9657010,14:49:00,14:49:00,56494,16,,0,0,,0
9657010,14:50:00,14:50:00,58054,17,,0,0,,0
9657010,14:51:00,14:51:00,58108,18,,0,0,,0
9657010,14:57:00,14:57:00,55303,19,,1,0,,1
9656983,14:45:00,14:45:00,50782,1,,0,0,,1
9656983,14:46:00,14:46:00,53338,2,,0,0,,0
9656983,14:47:00,14:47:00,55877,3,,0,0,,0
9656983,14:48:00,14:48:00,55295,4,,0,0,,0
9656983,14:48:00,14:48:00,50252,5,,0,0,,0
9656983,14:49:00,14:49:00,53173,6,,0,0,,0
9656983,14:51:00,14:51:00,53185,7,,0,0,,0
9656983,14:52:00,14:52:00,55056,8,,0,0,,0
9656983,14:52:00,14:52:00,52911,9,,0,0,,0
9656983,14:57:00,14:57:00,51397,10,,0,0,,1
9656983,15:10:00,15:10:00,51449,11,,0,0,,0
9656983,15:11:00,15:11:00,55804,12,,0,0,,0
9656983,15:19:00,15:19:00,55184,13,,0,0,,1
9656983,15:19:00,15:19:00,50854,14,,0,0,,0
9656983,15:20:00,15:20:00,51854,15,,0,0,,0
9656983,15:21:00,15:21:00,56494,16,,0,0,,0
9656983,15:22:00,15:22:00,58054,17,,0,0,,0
9656983,15:23:00,15:23:00,58108,18,,0,0,,0
9656983,15:29:00,15:29:00,55303,19,,1,0,,1
9656996,15:15:00,15:15:00,50782,1,,0,0,,1
9656996,15:16:00,15:16:00,53338,2,,0,0,,0
9656996,15:17:00,15:17:00,55877,3,,0,0,,0
9656996,15:18:00,15:18:00,55295,4,,0,0,,0
9656996,15:18:00,15:18:00,50252,5,,0,0,,0
9656996,15:19:00,15:19:00,53173,6,,0,0,,0
9656996,15:21:00,15:21:00,53185,7,,0,0,,0
9656996,15:22:00,15:22:00,55056,8,,0,0,,0
9656996,15:22:00,15:22:00,52911,9,,0,0,,0
9656996,15:27:00,15:27:00,51397,10,,0,0,,1
9656996,15:40:00,15:40:00,51449,11,,0,0,,0
9656996,15:41:00,15:41:00,55804,12,,0,0,,0
9656996,15:49:00,15:49:00,55184,13,,0,0,,1
9656996,15:49:00,15:49:00,50854,14,,0,0,,0
9656996,15:50:00,15:50:00,51854,15,,0,0,,0
9656996,15:51:00,15:51:00,56494,16,,0,0,,0
9656996,15:52:00,15:52:00,58054,17,,0,0,,0
9656996,15:53:00,15:53:00,58108,18,,0,0,,0
9656996,15:59:00,15:59:00,55303,19,,1,0,,1
9656999,15:45:00,15:45:00,50782,1,,0,0,,1
9656999,15:46:00,15:46:00,53338,2,,0,0,,0
9656999,15:47:00,15:47:00,55877,3,,0,0,,0
9656999,15:48:00,15:48:00,55295,4,,0,0,,0
9656999,15:48:00,15:48:00,50252,5,,0,0,,0
9656999,15:49:00,15:49:00,53173,6,,0,0,,0
9656999,15:51:00,15:51:00,53185,7,,0,0,,0
9656999,15:52:00,15:52:00,55056,8,,0,0,,0
9656999,15:52:00,15:52:00,52911,9,,0,0,,0
9656999,15:57:00,15:57:00,51397,10,,0,0,,1
9656999,16:10:00,16:10:00,51449,11,,0,0,,0
9656999,16:11:00,16:11:00,55804,12,,0,0,,0
9656999,16:19:00,16:19:00,55184,13,,0,0,,1
9656999,16:19:00,16:19:00,50854,14,,0,0,,0
9656999,16:20:00,16:20:00,51854,15,,0,0,,0
9656999,16:20:00,16:20:00,56494,16,,0,0,,0
9656999,16:21:00,16:21:00,58054,17,,0,0,,0
9656999,16:22:00,16:22:00,58108,18,,0,0,,0
9656999,16:27:00,16:27:00,55303,19,,1,0,,1
9656969,16:15:00,16:15:00,50782,1,,0,0,,1
9656969,16:16:00,16:16:00,53338,2,,0,0,,0
9656969,16:17:00,16:17:00,55877,3,,0,0,,0
9656969,16:18:00,16:18:00,55295,4,,0,0,,0
9656969,16:18:00,16:18:00,50252,5,,0,0,,0
9656969,16:19:00,16:19:00,53173,6,,0,0,,0
9656969,16:21:00,16:21:00,53185,7,,0,0,,0
9656969,16:22:00,16:22:00,55056,8,,0,0,,0
9656969,16:22:00,16:22:00,52911,9,,0,0,,0
9656969,16:27:00,16:27:00,51397,10,,0,0,,1
9656969,16:40:00,16:40:00,51449,11,,0,0,,0
9656969,16:41:00,16:41:00,55804,12,,0,0,,0
9656969,16:49:00,16:49:00,55184,13,,0,0,,1
9656969,16:49:00,16:49:00,50854,14,,0,0,,0
9656969,16:50:00,16:50:00,51854,15,,0,0,,0
9656969,16:50:00,16:50:00,56494,16,,0,0,,0
9656969,16:51:00,16:51:00,58054,17,,0,0,,0
9656969,16:52:00,16:52:00,58108,18,,0,0,,0
9656969,16:57:00,16:57:00,55303,19,,1,0,,1
9656982,16:45:00,16:45:00,50782,1,,0,0,,1
9656982,16:46:00,16:46:00,53338,2,,0,0,,0
9656982,16:47:00,16:47:00,55877,3,,0,0,,0
9656982,16:48:00,16:48:00,55295,4,,0,0,,0
9656982,16:49:00,16:49:00,50252,5,,0,0,,0
9656982,16:50:00,16:50:00,53173,6,,0,0,,0
9656982,16:52:00,16:52:00,53185,7,,0,0,,0
9656982,16:52:00,16:52:00,55056,8,,0,0,,0
9656982,16:53:00,16:53:00,52911,9,,0,0,,0
9656982,16:58:00,16:58:00,51397,10,,0,0,,1
9656982,17:11:00,17:11:00,51449,11,,0,0,,0
9656982,17:12:00,17:12:00,55804,12,,0,0,,0
9656982,17:20:00,17:20:00,55184,13,,0,0,,1
9656982,17:20:00,17:20:00,50854,14,,0,0,,0
9656982,17:21:00,17:21:00,51854,15,,0,0,,0
9656982,17:21:00,17:21:00,56494,16,,0,0,,0
9656982,17:22:00,17:22:00,58054,17,,0,0,,0
9656982,17:23:00,17:23:00,58108,18,,0,0,,0
9656982,17:28:00,17:28:00,55303,19,,1,0,,1
9656994,17:15:00,17:15:00,50782,1,,0,0,,1
9656994,17:16:00,17:16:00,53338,2,,0,0,,0
9656994,17:17:00,17:17:00,55877,3,,0,0,,0
9656994,17:18:00,17:18:00,55295,4,,0,0,,0
9656994,17:19:00,17:19:00,50252,5,,0,0,,0
9656994,17:20:00,17:20:00,53173,6,,0,0,,0
9656994,17:22:00,17:22:00,53185,7,,0,0,,0
9656994,17:22:00,17:22:00,55056,8,,0,0,,0
9656994,17:23:00,17:23:00,52911,9,,0,0,,0
9656994,17:28:00,17:28:00,51397,10,,0,0,,1
9656994,17:41:00,17:41:00,51449,11,,0,0,,0
9656994,17:42:00,17:42:00,55804,12,,0,0,,0
9656994,17:50:00,17:50:00,55184,13,,0,0,,1
9656994,17:50:00,17:50:00,50854,14,,0,0,,0
9656994,17:51:00,17:51:00,51854,15,,0,0,,0
9656994,17:51:00,17:51:00,56494,16,,0,0,,0
9656994,17:52:00,17:52:00,58054,17,,0,0,,0
9656994,17:53:00,17:53:00,58108,18,,0,0,,0
9656994,17:58:00,17:58:00,55303,19,,1,0,,1
9656985,17:40:00,17:40:00,50782,1,,0,0,,1
9656985,17:41:00,17:41:00,53338,2,,0,0,,0
9656985,17:42:00,17:42:00,55877,3,,0,0,,0
9656985,17:43:00,17:43:00,55295,4,,0,0,,0
9656985,17:44:00,17:44:00,50252,5,,0,0,,0
9656985,17:45:00,17:45:00,53173,6,,0,0,,0
9656985,17:47:00,17:47:00,53185,7,,0,0,,0
9656985,17:47:00,17:47:00,55056,8,,0,0,,0
9656985,17:48:00,17:48:00,52911,9,,0,0,,0
9656985,17:53:00,17:53:00,51397,10,,0,0,,1
9656985,18:06:00,18:06:00,51449,11,,0,0,,0
9656985,18:07:00,18:07:00,55804,12,,0,0,,0
9656985,18:15:00,18:15:00,55184,13,,0,0,,1
9656985,18:15:00,18:15:00,50854,14,,0,0,,0
9656985,18:16:00,18:16:00,51854,15,,0,0,,0
9656985,18:16:00,18:16:00,56494,16,,0,0,,0
9656985,18:17:00,18:17:00,58054,17,,0,0,,0
9656985,18:18:00,18:18:00,58108,18,,0,0,,0
9656985,18:23:00,18:23:00,55303,19,,1,0,,1
9657001,18:45:00,18:45:00,50782,1,,0,0,,1
9657001,18:46:00,18:46:00,53338,2,,0,0,,0
9657001,18:47:00,18:47:00,55877,3,,0,0,,0
9657001,18:48:00,18:48:00,55295,4,,0,0,,0
9657001,18:48:00,18:48:00,50252,5,,0,0,,0
9657001,18:49:00,18:49:00,53173,6,,0,0,,0
9657001,18:51:00,18:51:00,53185,7,,0,0,,0
9657001,18:52:00,18:52:00,55056,8,,0,0,,0
9657001,18:52:00,18:52:00,52911,9,,0,0,,0
9657001,18:57:00,18:57:00,51397,10,,0,0,,1
9657001,19:10:00,19:10:00,51449,11,,0,0,,0
9657001,19:11:00,19:11:00,55804,12,,0,0,,0
9657001,19:19:00,19:19:00,55184,13,,0,0,,1
9657001,19:19:00,19:19:00,50854,14,,0,0,,0
9657001,19:20:00,19:20:00,51854,15,,0,0,,0
9657001,19:20:00,19:20:00,56494,16,,0,0,,0
9657001,19:21:00,19:21:00,58054,17,,0,0,,0
9657001,19:22:00,19:22:00,58108,18,,0,0,,0
9657001,19:27:00,19:27:00,55303,19,,1,0,,1
9656923,6:23:00,6:23:00,55432,1,,0,0,,1
9656923,6:25:00,6:25:00,54329,2,,0,0,,0
9656923,6:33:00,6:33:00,55003,3,,0,0,,1
9656923,6:37:00,6:37:00,56877,4,,0,0,,0
9656923,6:38:00,6:38:00,50851,5,,0,0,,0
9656923,6:38:00,6:38:00,55284,6,,0,0,,0
9656923,6:39:00,6:39:00,55248,7,,0,0,,0
9656923,6:41:00,6:41:00,58870,8,,0,0,,1
9656923,6:41:00,6:41:00,54280,9,,0,0,,0
9656923,6:42:00,6:42:00,58747,10,,0,0,,0
9656923,6:42:00,6:42:00,57762,11,,0,0,,0
9656923,6:42:00,6:42:00,59498,12,,0,0,,0
9656923,6:42:00,6:42:00,56988,13,,0,0,,0
9656923,6:43:00,6:43:00,57675,14,,0,0,,0
9656923,6:43:00,6:43:00,54299,15,,0,0,,0
9656923,6:44:00,6:44:00,53189,16,,0,0,,0
9656923,6:57:00,6:57:00,51397,17,,0,0,,1
9656923,7:01:00,7:01:00,51313,18,,0,0,,0
9656923,7:02:00,7:02:00,54232,19,,0,0,,0
9656923,7:02:00,7:02:00,53187,20,,0,0,,0
9656923,7:04:00,7:04:00,53214,21,,0,0,,0
9656923,7:05:00,7:05:00,54720,22,,0,0,,0
9656923,7:05:00,7:05:00,53171,23,,0,0,,0
9656923,7:06:00,7:06:00,56762,24,,0,0,,0
9656923,7:06:00,7:06:00,57718,25,,0,0,,0
9656923,7:07:00,7:07:00,50781,26,,1,0,,1
9656932,6:53:00,6:53:00,55432,1,,0,0,,1
9656932,6:55:00,6:55:00,54329,2,,0,0,,0
9656932,7:03:00,7:03:00,55003,3,,0,0,,1
9656932,7:07:00,7:07:00,56877,4,,0,0,,0
9656932,7:08:00,7:08:00,50851,5,,0,0,,0
9656932,7:08:00,7:08:00,55284,6,,0,0,,0
9656932,7:09:00,7:09:00,55248,7,,0,0,,0
9656932,7:11:00,7:11:00,58870,8,,0,0,,1
9656932,7:11:00,7:11:00,54280,9,,0,0,,0
9656932,7:12:00,7:12:00,58747,10,,0,0,,0
9656932,7:12:00,7:12:00,57762,11,,0,0,,0
9656932,7:12:00,7:12:00,59498,12,,0,0,,0
9656932,7:12:00,7:12:00,56988,13,,0,0,,0
9656932,7:13:00,7:13:00,57675,14,,0,0,,0
9656932,7:13:00,7:13:00,54299,15,,0,0,,0
9656932,7:14:00,7:14:00,53189,16,,0,0,,0
9656932,7:27:00,7:27:00,51397,17,,0,0,,1
9656932,7:32:00,7:32:00,51313,18,,0,0,,0
9656932,7:32:00,7:32:00,54232,19,,0,0,,0
9656932,7:33:00,7:33:00,53187,20,,0,0,,0
9656932,7:34:00,7:34:00,53214,21,,0,0,,0
9656932,7:35:00,7:35:00,54720,22,,0,0,,0
9656932,7:36:00,7:36:00,53171,23,,0,0,,0
9656932,7:37:00,7:37:00,56762,24,,0,0,,0
9656932,7:37:00,7:37:00,57718,25,,0,0,,0
9656932,7:38:00,7:38:00,50781,26,,1,0,,1
9656943,7:25:00,7:25:00,55432,1,,0,0,,1
9656943,7:27:00,7:27:00,54329,2,,0,0,,0
9656943,7:35:00,7:35:00,55003,3,,0,0,,1
9656943,7:39:00,7:39:00,56877,4,,0,0,,0
9656943,7:40:00,7:40:00,50851,5,,0,0,,0
9656943,7:40:00,7:40:00,55284,6,,0,0,,0
9656943,7:41:00,7:41:00,55248,7,,0,0,,0
9656943,7:43:00,7:43:00,58870,8,,0,0,,1
9656943,7:43:00,7:43:00,54280,9,,0,0,,0
9656943,7:44:00,7:44:00,58747,10,,0,0,,0
9656943,7:44:00,7:44:00,57762,11,,0,0,,0
9656943,7:44:00,7:44:00,59498,12,,0,0,,0
9656943,7:44:00,7:44:00,56988,13,,0,0,,0
9656943,7:45:00,7:45:00,57675,14,,0,0,,0
9656943,7:45:00,7:45:00,54299,15,,0,0,,0
9656943,7:46:00,7:46:00,53189,16,,0,0,,0
9656943,7:59:00,7:59:00,51397,17,,0,0,,1
9656943,8:04:00,8:04:00,51313,18,,0,0,,0
9656943,8:04:00,8:04:00,54232,19,,0,0,,0
9656943,8:05:00,8:05:00,53187,20,,0,0,,0
9656943,8:06:00,8:06:00,53214,21,,0,0,,0
9656943,8:07:00,8:07:00,54720,22,,0,0,,0
9656943,8:08:00,8:08:00,53171,23,,0,0,,0
9656943,8:09:00,8:09:00,56762,24,,0,0,,0
9656943,8:09:00,8:09:00,57718,25,,0,0,,0
9656943,8:10:00,8:10:00,50781,26,,1,0,,1
9656949,8:05:00,8:05:00,55432,1,,0,0,,1
9656949,8:07:00,8:07:00,54329,2,,0,0,,0
9656949,8:13:00,8:13:00,55003,3,,0,0,,1
9656949,8:17:00,8:17:00,56877,4,,0,0,,0
9656949,8:18:00,8:18:00,50851,5,,0,0,,0
9656949,8:18:00,8:18:00,55284,6,,0,0,,0
9656949,8:19:00,8:19:00,55248,7,,0,0,,0
9656949,8:21:00,8:21:00,58870,8,,0,0,,1
9656949,8:21:00,8:21:00,54280,9,,0,0,,0
9656949,8:22:00,8:22:00,58747,10,,0,0,,0
9656949,8:22:00,8:22:00,57762,11,,0,0,,0
9656949,8:22:00,8:22:00,59498,12,,0,0,,0
9656949,8:22:00,8:22:00,56988,13,,0,0,,0
9656949,8:23:00,8:23:00,57675,14,,0,0,,0
9656949,8:23:00,8:23:00,54299,15,,0,0,,0
9656949,8:24:00,8:24:00,53189,16,,0,0,,0
9656949,8:37:00,8:37:00,51397,17,,0,0,,1
9656949,8:42:00,8:42:00,51313,18,,0,0,,0
9656949,8:42:00,8:42:00,54232,19,,0,0,,0
9656949,8:43:00,8:43:00,53187,20,,0,0,,0
9656949,8:44:00,8:44:00,53214,21,,0,0,,0
9656949,8:45:00,8:45:00,54720,22,,0,0,,0
9656949,8:46:00,8:46:00,53171,23,,0,0,,0
9656949,8:47:00,8:47:00,56762,24,,0,0,,0
9656949,8:47:00,8:47:00,57718,25,,0,0,,0
9656949,8:48:00,8:48:00,50781,26,,1,0,,1
9656930,8:35:00,8:35:00,55432,1,,0,0,,1
9656930,8:37:00,8:37:00,54329,2,,0,0,,0
9656930,8:43:00,8:43:00,55003,3,,0,0,,1
9656930,8:47:00,8:47:00,56877,4,,0,0,,0
9656930,8:48:00,8:48:00,50851,5,,0,0,,0
9656930,8:48:00,8:48:00,55284,6,,0,0,,0
9656930,8:49:00,8:49:00,55248,7,,0,0,,0
9656930,8:51:00,8:51:00,58870,8,,0,0,,1
9656930,8:51:00,8:51:00,54280,9,,0,0,,0
9656930,8:52:00,8:52:00,58747,10,,0,0,,0
9656930,8:52:00,8:52:00,57762,11,,0,0,,0
9656930,8:52:00,8:52:00,59498,12,,0,0,,0
9656930,8:52:00,8:52:00,56988,13,,0,0,,0
9656930,8:53:00,8:53:00,57675,14,,0,0,,0
9656930,8:53:00,8:53:00,54299,15,,0,0,,0
9656930,8:54:00,8:54:00,53189,16,,0,0,,0
9656930,9:07:00,9:07:00,51397,17,,0,0,,1
9656930,9:12:00,9:12:00,51313,18,,0,0,,0
9656930,9:12:00,9:12:00,54232,19,,0,0,,0
9656930,9:13:00,9:13:00,53187,20,,0,0,,0
9656930,9:14:00,9:14:00,53214,21,,0,0,,0
9656930,9:15:00,9:15:00,54720,22,,0,0,,0
9656930,9:16:00,9:16:00,53171,23,,0,0,,0
9656930,9:17:00,9:17:00,56762,24,,0,0,,0
9656930,9:17:00,9:17:00,57718,25,,0,0,,0
9656930,9:18:00,9:18:00,50781,26,,1,0,,1
9656934,9:18:00,9:18:00,55432,1,,0,0,,1
9656934,9:20:00,9:20:00,54329,2,,0,0,,0
9656934,9:26:00,9:26:00,55003,3,,0,0,,1
9656934,9:30:00,9:30:00,56877,4,,0,0,,0
9656934,9:31:00,9:31:00,50851,5,,0,0,,0
9656934,9:31:00,9:31:00,55284,6,,0,0,,0
9656934,9:32:00,9:32:00,55248,7,,0,0,,0
9656934,9:34:00,9:34:00,58870,8,,0,0,,1
9656934,9:34:00,9:34:00,54280,9,,0,0,,0
9656934,9:35:00,9:35:00,58747,10,,0,0,,0
9656934,9:35:00,9:35:00,57762,11,,0,0,,0
9656934,9:35:00,9:35:00,59498,12,,0,0,,0
9656934,9:35:00,9:35:00,56988,13,,0,0,,0
9656934,9:36:00,9:36:00,57675,14,,0,0,,0
9656934,9:36:00,9:36:00,54299,15,,0,0,,0
9656934,9:37:00,9:37:00,53189,16,,0,0,,0
9656934,9:50:00,9:50:00,51397,17,,0,0,,1
9656934,9:55:00,9:55:00,51313,18,,0,0,,0
9656934,9:55:00,9:55:00,54232,19,,0,0,,0
9656934,9:56:00,9:56:00,53187,20,,0,0,,0
9656934,9:57:00,9:57:00,53214,21,,0,0,,0
9656934,9:58:00,9:58:00,54720,22,,0,0,,0
9656934,9:59:00,9:59:00,53171,23,,0,0,,0
9656934,10:00:00,10:00:00,56762,24,,0,0,,0
9656934,10:00:00,10:00:00,57718,25,,0,0,,0
9656934,10:01:00,10:01:00,50781,26,,1,0,,1
9656945,9:53:00,9:53:00,55432,1,,0,0,,1
9656945,9:55:00,9:55:00,54329,2,,0,0,,0
9656945,10:01:00,10:01:00,55003,3,,0,0,,1
9656945,10:05:00,10:05:00,56877,4,,0,0,,0
9656945,10:06:00,10:06:00,50851,5,,0,0,,0
9656945,10:06:00,10:06:00,55284,6,,0,0,,0
9656945,10:07:00,10:07:00,55248,7,,0,0,,0
9656945,10:09:00,10:09:00,58870,8,,0,0,,1
9656945,10:09:00,10:09:00,54280,9,,0,0,,0
9656945,10:10:00,10:10:00,58747,10,,0,0,,0
9656945,10:10:00,10:10:00,57762,11,,0,0,,0
9656945,10:10:00,10:10:00,59498,12,,0,0,,0
9656945,10:10:00,10:10:00,56988,13,,0,0,,0
9656945,10:11:00,10:11:00,57675,14,,0,0,,0
9656945,10:11:00,10:11:00,54299,15,,0,0,,0
9656945,10:12:00,10:12:00,53189,16,,0,0,,0
9656945,10:25:00,10:25:00,51397,17,,0,0,,1
9656945,10:30:00,10:30:00,51313,18,,0,0,,0
9656945,10:30:00,10:30:00,54232,19,,0,0,,0
9656945,10:31:00,10:31:00,53187,20,,0,0,,0
9656945,10:32:00,10:32:00,53214,21,,0,0,,0
9656945,10:33:00,10:33:00,54720,22,,0,0,,0
9656945,10:34:00,10:34:00,53171,23,,0,0,,0
9656945,10:35:00,10:35:00,56762,24,,0,0,,0
9656945,10:35:00,10:35:00,57718,25,,0,0,,0
9656945,10:36:00,10:36:00,50781,26,,1,0,,1
9656956,10:43:00,10:43:00,55432,1,,0,0,,1
9656956,10:45:00,10:45:00,54329,2,,0,0,,0
9656956,10:51:00,10:51:00,55003,3,,0,0,,1
9656956,10:55:00,10:55:00,56877,4,,0,0,,0
9656956,10:56:00,10:56:00,50851,5,,0,0,,0
9656956,10:56:00,10:56:00,55284,6,,0,0,,0
9656956,10:57:00,10:57:00,55248,7,,0,0,,0
9656956,10:59:00,10:59:00,58870,8,,0,0,,1
9656956,10:59:00,10:59:00,54280,9,,0,0,,0
9656956,11:00:00,11:00:00,58747,10,,0,0,,0
9656956,11:00:00,11:00:00,57762,11,,0,0,,0
9656956,11:00:00,11:00:00,59498,12,,0,0,,0
9656956,11:00:00,11:00:00,56988,13,,0,0,,0
9656956,11:01:00,11:01:00,57675,14,,0,0,,0
9656956,11:01:00,11:01:00,54299,15,,0,0,,0
9656956,11:02:00,11:02:00,53189,16,,0,0,,0
9656956,11:15:00,11:15:00,51397,17,,0,0,,1
9656956,11:20:00,11:20:00,51313,18,,0,0,,0
9656956,11:20:00,11:20:00,54232,19,,0,0,,0
9656956,11:21:00,11:21:00,53187,20,,0,0,,0
9656956,11:22:00,11:22:00,53214,21,,0,0,,0
9656956,11:23:00,11:23:00,54720,22,,0,0,,0
9656956,11:24:00,11:24:00,53171,23,,0,0,,0
9656956,11:25:00,11:25:00,56762,24,,0,0,,0
9656956,11:25:00,11:25:00,57718,25,,0,0,,0
9656956,11:26:00,11:26:00,50781,26,,1,0,,1
9656960,11:53:00,11:53:00,55432,1,,0,0,,1
9656960,11:55:00,11:55:00,54329,2,,0,0,,0
9656960,12:01:00,12:01:00,55003,3,,0,0,,1
9656960,12:04:00,12:04:00,56877,4,,0,0,,0
9656960,12:05:00,12:05:00,50851,5,,0,0,,0
9656960,12:05:00,12:05:00,55284,6,,0,0,,0
9656960,12:06:00,12:06:00,55248,7,,0,0,,0
9656960,12:08:00,12:08:00,58870,8,,0,0,,1
9656960,12:08:00,12:08:00,54280,9,,0,0,,0
9656960,12:09:00,12:09:00,58747,10,,0,0,,0
9656960,12:09:00,12:09:00,57762,11,,0,0,,0
9656960,12:09:00,12:09:00,59498,12,,0,0,,0
9656960,12:09:00,12:09:00,56988,13,,0,0,,0
9656960,12:10:00,12:10:00,57675,14,,0,0,,0
9656960,12:10:00,12:10:00,54299,15,,0,0,,0
9656960,12:11:00,12:11:00,53189,16,,0,0,,0
9656960,12:24:00,12:24:00,51397,17,,0,0,,1
9656960,12:28:00,12:28:00,51313,18,,0,0,,0
9656960,12:29:00,12:29:00,54232,19,,0,0,,0
9656960,12:29:00,12:29:00,53187,20,,0,0,,0
9656960,12:31:00,12:31:00,53214,21,,0,0,,0
9656960,12:32:00,12:32:00,54720,22,,0,0,,0
9656960,12:32:00,12:32:00,53171,23,,0,0,,0
9656960,12:33:00,12:33:00,56762,24,,0,0,,0
9656960,12:33:00,12:33:00,57718,25,,0,0,,0
9656960,12:34:00,12:34:00,50781,26,,1,0,,1
9656958,12:48:00,12:48:00,55432,1,,0,0,,1
9656958,12:50:00,12:50:00,54329,2,,0,0,,0
9656958,12:56:00,12:56:00,55003,3,,0,0,,1
9656958,12:59:00,12:59:00,56877,4,,0,0,,0
9656958,13:00:00,13:00:00,50851,5,,0,0,,0
9656958,13:00:00,13:00:00,55284,6,,0,0,,0
9656958,13:01:00,13:01:00,55248,7,,0,0,,0
9656958,13:03:00,13:03:00,58870,8,,0,0,,1
9656958,13:03:00,13:03:00,54280,9,,0,0,,0
9656958,13:04:00,13:04:00,58747,10,,0,0,,0
9656958,13:04:00,13:04:00,57762,11,,0,0,,0
9656958,13:04:00,13:04:00,59498,12,,0,0,,0
9656958,13:04:00,13:04:00,56988,13,,0,0,,0
9656958,13:05:00,13:05:00,57675,14,,0,0,,0
9656958,13:05:00,13:05:00,54299,15,,0,0,,0
9656958,13:06:00,13:06:00,53189,16,,0,0,,0
9656958,13:19:00,13:19:00,51397,17,,0,0,,1
9656958,13:23:00,13:23:00,51313,18,,0,0,,0
9656958,13:24:00,13:24:00,54232,19,,0,0,,0
9656958,13:24:00,13:24:00,53187,20,,0,0,,0
9656958,13:26:00,13:26:00,53214,21,,0,0,,0
9656958,13:27:00,13:27:00,54720,22,,0,0,,0
9656958,13:27:00,13:27:00,53171,23,,0,0,,0
9656958,13:28:00,13:28:00,56762,24,,0,0,,0
9656958,13:28:00,13:28:00,57718,25,,0,0,,0
9656958,13:29:00,13:29:00,50781,26,,1,0,,1
9656961,13:51:00,13:51:00,55432,1,,0,0,,1
9656961,13:53:00,13:53:00,54329,2,,0,0,,0
9656961,13:59:00,13:59:00,55003,3,,0,0,,1
9656961,14:02:00,14:02:00,56877,4,,0,0,,0
9656961,14:03:00,14:03:00,50851,5,,0,0,,0
9656961,14:03:00,14:03:00,55284,6,,0,0,,0
9656961,14:04:00,14:04:00,55248,7,,0,0,,0
9656961,14:06:00,14:06:00,58870,8,,0,0,,1
9656961,14:06:00,14:06:00,54280,9,,0,0,,0
9656961,14:07:00,14:07:00,58747,10,,0,0,,0
9656961,14:07:00,14:07:00,57762,11,,0,0,,0
9656961,14:07:00,14:07:00,59498,12,,0,0,,0
9656961,14:07:00,14:07:00,56988,13,,0,0,,0
9656961,14:08:00,14:08:00,57675,14,,0,0,,0
9656961,14:08:00,14:08:00,54299,15,,0,0,,0
9656961,14:09:00,14:09:00,53189,16,,0,0,,0
9656961,14:22:00,14:22:00,51397,17,,0,0,,1
9656961,14:26:00,14:26:00,51313,18,,0,0,,0
9656961,14:27:00,14:27:00,54232,19,,0,0,,0
9656961,14:27:00,14:27:00,53187,20,,0,0,,0
9656961,14:29:00,14:29:00,53214,21,,0,0,,0
9656961,14:30:00,14:30:00,54720,22,,0,0,,0
9656961,14:30:00,14:30:00,53171,23,,0,0,,0
9656961,14:31:00,14:31:00,56762,24,,0,0,,0
9656961,14:31:00,14:31:00,57718,25,,0,0,,0
9656961,14:32:00,14:32:00,50781,26,,1,0,,1
9656963,14:35:00,14:35:00,55432,1,,0,0,,1
9656963,14:37:00,14:37:00,54329,2,,0,0,,0
9656963,14:43:00,14:43:00,55003,3,,0,0,,1
9656963,14:46:00,14:46:00,56877,4,,0,0,,0
9656963,14:47:00,14:47:00,50851,5,,0,0,,0
9656963,14:47:00,14:47:00,55284,6,,0,0,,0
9656963,14:48:00,14:48:00,55248,7,,0,0,,0
9656963,14:50:00,14:50:00,58870,8,,0,0,,1
9656963,14:50:00,14:50:00,54280,9,,0,0,,0
9656963,14:51:00,14:51:00,58747,10,,0,0,,0
9656963,14:51:00,14:51:00,57762,11,,0,0,,0
9656963,14:51:00,14:51:00,59498,12,,0,0,,0
9656963,14:51:00,14:51:00,56988,13,,0,0,,0
9656963,14:52:00,14:52:00,57675,14,,0,0,,0
9656963,14:52:00,14:52:00,54299,15,,0,0,,0
9656963,14:53:00,14:53:00,53189,16,,0,0,,0
9656963,15:06:00,15:06:00,51397,17,,0,0,,1
9656963,15:11:00,15:11:00,51313,18,,0,0,,0
9656963,15:12:00,15:12:00,54232,19,,0,0,,0
9656963,15:13:00,15:13:00,53187,20,,0,0,,0
9656963,15:14:00,15:14:00,53214,21,,0,0,,0
9656963,15:15:00,15:15:00,54720,22,,0,0,,0
9656963,15:16:00,15:16:00,53171,23,,0,0,,0
9656963,15:16:00,15:16:00,56762,24,,0,0,,0
9656963,15:17:00,15:17:00,57718,25,,0,0,,0
9656963,15:18:00,15:18:00,50781,26,,1,0,,1
9656979,15:05:00,15:05:00,55432,1,,0,0,,1
9656979,15:07:00,15:07:00,54329,2,,0,0,,0
9656979,15:13:00,15:13:00,55003,3,,0,0,,1
9656979,15:16:00,15:16:00,56877,4,,0,0,,0
9656979,15:17:00,15:17:00,50851,5,,0,0,,0
9656979,15:17:00,15:17:00,55284,6,,0,0,,0
9656979,15:18:00,15:18:00,55248,7,,0,0,,0
9656979,15:20:00,15:20:00,58870,8,,0,0,,1
9656979,15:20:00,15:20:00,54280,9,,0,0,,0
9656979,15:21:00,15:21:00,58747,10,,0,0,,0
9656979,15:21:00,15:21:00,57762,11,,0,0,,0
9656979,15:21:00,15:21:00,59498,12,,0,0,,0
9656979,15:21:00,15:21:00,56988,13,,0,0,,0
9656979,15:22:00,15:22:00,57675,14,,0,0,,0
9656979,15:22:00,15:22:00,54299,15,,0,0,,0
9656979,15:23:00,15:23:00,53189,16,,0,0,,0
9656979,15:36:00,15:36:00,51397,17,,0,0,,1
9656979,15:41:00,15:41:00,51313,18,,0,0,,0
9656979,15:42:00,15:42:00,54232,19,,0,0,,0
9656979,15:43:00,15:43:00,53187,20,,0,0,,0
9656979,15:44:00,15:44:00,53214,21,,0,0,,0
9656979,15:45:00,15:45:00,54720,22,,0,0,,0
9656979,15:46:00,15:46:00,53171,23,,0,0,,0
9656979,15:46:00,15:46:00,56762,24,,0,0,,0
9656979,15:47:00,15:47:00,57718,25,,0,0,,0
9656979,15:48:00,15:48:00,50781,26,,1,0,,1
9656974,15:35:00,15:35:00,55432,1,,0,0,,1
9656974,15:37:00,15:37:00,54329,2,,0,0,,0
9656974,15:43:00,15:43:00,55003,3,,0,0,,1
9656974,15:46:00,15:46:00,56877,4,,0,0,,0
9656974,15:47:00,15:47:00,50851,5,,0,0,,0
9656974,15:47:00,15:47:00,55284,6,,0,0,,0
9656974,15:48:00,15:48:00,55248,7,,0,0,,0
9656974,15:50:00,15:50:00,58870,8,,0,0,,1
9656974,15:50:00,15:50:00,54280,9,,0,0,,0
9656974,15:51:00,15:51:00,58747,10,,0,0,,0
9656974,15:51:00,15:51:00,57762,11,,0,0,,0
9656974,15:51:00,15:51:00,59498,12,,0,0,,0
9656974,15:51:00,15:51:00,56988,13,,0,0,,0
9656974,15:52:00,15:52:00,57675,14,,0,0,,0
9656974,15:52:00,15:52:00,54299,15,,0,0,,0
9656974,15:53:00,15:53:00,53189,16,,0,0,,0
9656974,16:06:00,16:06:00,51397,17,,0,0,,1
9656974,16:11:00,16:11:00,51313,18,,0,0,,0
9656974,16:12:00,16:12:00,54232,19,,0,0,,0
9656974,16:13:00,16:13:00,53187,20,,0,0,,0
9656974,16:14:00,16:14:00,53214,21,,0,0,,0
9656974,16:15:00,16:15:00,54720,22,,0,0,,0
9656974,16:16:00,16:16:00,53171,23,,0,0,,0
9656974,16:16:00,16:16:00,56762,24,,0,0,,0
9656974,16:17:00,16:17:00,57718,25,,0,0,,0
9656974,16:18:00,16:18:00,50781,26,,1,0,,1
9656990,16:05:00,16:05:00,55432,1,,0,0,,1
9656990,16:07:00,16:07:00,54329,2,,0,0,,0
9656990,16:13:00,16:13:00,55003,3,,0,0,,1
9656990,16:16:00,16:16:00,56877,4,,0,0,,0
9656990,16:17:00,16:17:00,50851,5,,0,0,,0
9656990,16:17:00,16:17:00,55284,6,,0,0,,0
9656990,16:18:00,16:18:00,55248,7,,0,0,,0
9656990,16:20:00,16:20:00,58870,8,,0,0,,1
9656990,16:20:00,16:20:00,54280,9,,0,0,,0
9656990,16:21:00,16:21:00,58747,10,,0,0,,0
9656990,16:21:00,16:21:00,57762,11,,0,0,,0
9656990,16:21:00,16:21:00,59498,12,,0,0,,0
9656990,16:21:00,16:21:00,56988,13,,0,0,,0
9656990,16:22:00,16:22:00,57675,14,,0,0,,0
9656990,16:22:00,16:22:00,54299,15,,0,0,,0
9656990,16:23:00,16:23:00,53189,16,,0,0,,0
9656990,16:36:00,16:36:00,51397,17,,0,0,,1
9656990,16:41:00,16:41:00,51313,18,,0,0,,0
9656990,16:42:00,16:42:00,54232,19,,0,0,,0
9656990,16:43:00,16:43:00,53187,20,,0,0,,0
9656990,16:44:00,16:44:00,53214,21,,0,0,,0
9656990,16:45:00,16:45:00,54720,22,,0,0,,0
9656990,16:46:00,16:46:00,53171,23,,0,0,,0
9656990,16:46:00,16:46:00,56762,24,,0,0,,0
9656990,16:47:00,16:47:00,57718,25,,0,0,,0
9656990,16:48:00,16:48:00,50781,26,,1,0,,1
9656965,16:30:00,16:30:00,55432,1,,0,0,,1
9656965,16:32:00,16:32:00,54329,2,,0,0,,0
9656965,16:38:00,16:38:00,55003,3,,0,0,,1
9656965,16:41:00,16:41:00,56877,4,,0,0,,0
9656965,16:42:00,16:42:00,50851,5,,0,0,,0
9656965,16:42:00,16:42:00,55284,6,,0,0,,0
9656965,16:43:00,16:43:00,55248,7,,0,0,,0
9656965,16:45:00,16:45:00,58870,8,,0,0,,1
9656965,16:45:00,16:45:00,54280,9,,0,0,,0
9656965,16:46:00,16:46:00,58747,10,,0,0,,0
9656965,16:46:00,16:46:00,57762,11,,0,0,,0
9656965,16:46:00,16:46:00,59498,12,,0,0,,0
9656965,16:46:00,16:46:00,56988,13,,0,0,,0
9656965,16:47:00,16:47:00,57675,14,,0,0,,0
9656965,16:47:00,16:47:00,54299,15,,0,0,,0
9656965,16:48:00,16:48:00,53189,16,,0,0,,0
9656965,17:01:00,17:01:00,51397,17,,0,0,,1
9656965,17:06:00,17:06:00,51313,18,,0,0,,0
9656965,17:07:00,17:07:00,54232,19,,0,0,,0
9656965,17:08:00,17:08:00,53187,20,,0,0,,0
9656965,17:09:00,17:09:00,53214,21,,0,0,,0
9656965,17:10:00,17:10:00,54720,22,,0,0,,0
9656965,17:11:00,17:11:00,53171,23,,0,0,,0
9656965,17:11:00,17:11:00,56762,24,,0,0,,0
9656965,17:12:00,17:12:00,57718,25,,0,0,,0
9656965,17:13:00,17:13:00,50781,26,,1,0,,1
9657004,17:05:00,17:05:00,55432,1,,0,0,,1
9657004,17:07:00,17:07:00,54329,2,,0,0,,0
9657004,17:13:00,17:13:00,55003,3,,0,0,,1
9657004,17:16:00,17:16:00,56877,4,,0,0,,0
9657004,17:17:00,17:17:00,50851,5,,0,0,,0
9657004,17:17:00,17:17:00,55284,6,,0,0,,0
9657004,17:18:00,17:18:00,55248,7,,0,0,,0
9657004,17:20:00,17:20:00,58870,8,,0,0,,1
9657004,17:20:00,17:20:00,54280,9,,0,0,,0
9657004,17:21:00,17:21:00,58747,10,,0,0,,0
9657004,17:21:00,17:21:00,57762,11,,0,0,,0
9657004,17:21:00,17:21:00,59498,12,,0,0,,0
9657004,17:21:00,17:21:00,56988,13,,0,0,,0
9657004,17:22:00,17:22:00,57675,14,,0,0,,0
9657004,17:22:00,17:22:00,54299,15,,0,0,,0
9657004,17:23:00,17:23:00,53189,16,,0,0,,0
9657004,17:36:00,17:36:00,51397,17,,0,0,,1
9657004,17:41:00,17:41:00,51313,18,,0,0,,0
9657004,17:42:00,17:42:00,54232,19,,0,0,,0
9657004,17:43:00,17:43:00,53187,20,,0,0,,0
9657004,17:44:00,17:44:00,53214,21,,0,0,,0
9657004,17:45:00,17:45:00,54720,22,,0,0,,0
9657004,17:46:00,17:46:00,53171,23,,0,0,,0
9657004,17:46:00,17:46:00,56762,24,,0,0,,0
9657004,17:47:00,17:47:00,57718,25,,0,0,,0
9657004,17:48:00,17:48:00,50781,26,,1,0,,1
9656976,17:35:00,17:35:00,55432,1,,0,0,,1
9656976,17:37:00,17:37:00,54329,2,,0,0,,0
9656976,17:43:00,17:43:00,55003,3,,0,0,,1
9656976,17:46:00,17:46:00,56877,4,,0,0,,0
9656976,17:47:00,17:47:00,50851,5,,0,0,,0
9656976,17:47:00,17:47:00,55284,6,,0,0,,0
9656976,17:48:00,17:48:00,55248,7,,0,0,,0
9656976,17:50:00,17:50:00,58870,8,,0,0,,1
9656976,17:50:00,17:50:00,54280,9,,0,0,,0
9656976,17:51:00,17:51:00,58747,10,,0,0,,0
9656976,17:51:00,17:51:00,57762,11,,0,0,,0
9656976,17:51:00,17:51:00,59498,12,,0,0,,0
9656976,17:51:00,17:51:00,56988,13,,0,0,,0
9656976,17:52:00,17:52:00,57675,14,,0,0,,0
9656976,17:52:00,17:52:00,54299,15,,0,0,,0
9656976,17:53:00,17:53:00,53189,16,,0,0,,0
9656976,18:06:00,18:06:00,51397,17,,0,0,,1
9656976,18:11:00,18:11:00,51313,18,,0,0,,0
9656976,18:12:00,18:12:00,54232,19,,0,0,,0
9656976,18:13:00,18:13:00,53187,20,,0,0,,0
9656976,18:14:00,18:14:00,53214,21,,0,0,,0
9656976,18:15:00,18:15:00,54720,22,,0,0,,0
9656976,18:16:00,18:16:00,53171,23,,0,0,,0
9656976,18:16:00,18:16:00,56762,24,,0,0,,0
9656976,18:17:00,18:17:00,57718,25,,0,0,,0
9656976,18:18:00,18:18:00,50781,26,,1,0,,1
9656992,18:10:00,18:10:00,55432,1,,0,0,,1
9656992,18:12:00,18:12:00,54329,2,,0,0,,0
9656992,18:18:00,18:18:00,55003,3,,0,0,,1
9656992,18:21:00,18:21:00,56877,4,,0,0,,0
9656992,18:22:00,18:22:00,50851,5,,0,0,,0
9656992,18:22:00,18:22:00,55284,6,,0,0,,0
9656992,18:23:00,18:23:00,55248,7,,0,0,,0
9656992,18:25:00,18:25:00,58870,8,,0,0,,1
9656992,18:25:00,18:25:00,54280,9,,0,0,,0
9656992,18:26:00,18:26:00,58747,10,,0,0,,0
9656992,18:26:00,18:26:00,57762,11,,0,0,,0
9656992,18:26:00,18:26:00,59498,12,,0,0,,0
9656992,18:26:00,18:26:00,56988,13,,0,0,,0
9656992,18:27:00,18:27:00,57675,14,,0,0,,0
9656992,18:27:00,18:27:00,54299,15,,0,0,,0
9656992,18:28:00,18:28:00,53189,16,,0,0,,0
9656992,18:41:00,18:41:00,51397,17,,0,0,,1
9656992,18:45:00,18:45:00,51313,18,,0,0,,0
9656992,18:46:00,18:46:00,54232,19,,0,0,,0
9656992,18:46:00,18:46:00,53187,20,,0,0,,0
9656992,18:48:00,18:48:00,53214,21,,0,0,,0
9656992,18:49:00,18:49:00,54720,22,,0,0,,0
9656992,18:49:00,18:49:00,53171,23,,0,0,,0
9656992,18:50:00,18:50:00,56762,24,,0,0,,0
9656992,18:50:00,18:50:00,57718,25,,0,0,,0
9656992,18:51:00,18:51:00,50781,26,,1,0,,1
9657008,18:35:00,18:35:00,55432,1,,0,0,,1
9657008,18:37:00,18:37:00,54329,2,,0,0,,0
9657008,18:43:00,18:43:00,55003,3,,0,0,,1
9657008,18:46:00,18:46:00,56877,4,,0,0,,0
9657008,18:47:00,18:47:00,50851,5,,0,0,,0
9657008,18:47:00,18:47:00,55284,6,,0,0,,0
9657008,18:48:00,18:48:00,55248,7,,0,0,,0
9657008,18:50:00,18:50:00,58870,8,,0,0,,1
9657008,18:50:00,18:50:00,54280,9,,0,0,,0
9657008,18:51:00,18:51:00,58747,10,,0,0,,0
9657008,18:51:00,18:51:00,57762,11,,0,0,,0
9657008,18:51:00,18:51:00,59498,12,,0,0,,0
9657008,18:51:00,18:51:00,56988,13,,0,0,,0
9657008,18:52:00,18:52:00,57675,14,,0,0,,0
9657008,18:52:00,18:52:00,54299,15,,0,0,,0
9657008,18:53:00,18:53:00,53189,16,,0,0,,0
9657008,19:06:00,19:06:00,51397,17,,0,0,,1
9657008,19:10:00,19:10:00,51313,18,,0,0,,0
9657008,19:11:00,19:11:00,54232,19,,0,0,,0
9657008,19:11:00,19:11:00,53187,20,,0,0,,0
9657008,19:13:00,19:13:00,53214,21,,0,0,,0
9657008,19:14:00,19:14:00,54720,22,,0,0,,0
9657008,19:14:00,19:14:00,53171,23,,0,0,,0
9657008,19:15:00,19:15:00,56762,24,,0,0,,0
9657008,19:15:00,19:15:00,57718,25,,0,0,,0
9657008,19:16:00,19:16:00,50781,26,,1,0,,1
9656967,19:05:00,19:05:00,55432,1,,0,0,,1
9656967,19:07:00,19:07:00,54329,2,,0,0,,0
9656967,19:13:00,19:13:00,55003,3,,0,0,,1
9656967,19:16:00,19:16:00,56877,4,,0,0,,0
9656967,19:17:00,19:17:00,50851,5,,0,0,,0
9656967,19:17:00,19:17:00,55284,6,,0,0,,0
9656967,19:18:00,19:18:00,55248,7,,0,0,,0
9656967,19:20:00,19:20:00,58870,8,,0,0,,1
9656967,19:20:00,19:20:00,54280,9,,0,0,,0
9656967,19:21:00,19:21:00,58747,10,,0,0,,0
9656967,19:21:00,19:21:00,57762,11,,0,0,,0
9656967,19:21:00,19:21:00,59498,12,,0,0,,0
9656967,19:21:00,19:21:00,56988,13,,0,0,,0
9656967,19:22:00,19:22:00,57675,14,,0,0,,0
9656967,19:22:00,19:22:00,54299,15,,0,0,,0
9656967,19:23:00,19:23:00,53189,16,,0,0,,0
9656967,19:36:00,19:36:00,51397,17,,0,0,,1
9656967,19:40:00,19:40:00,51313,18,,0,0,,0
9656967,19:41:00,19:41:00,54232,19,,0,0,,0
9656967,19:41:00,19:41:00,53187,20,,0,0,,0
9656967,19:43:00,19:43:00,53214,21,,0,0,,0
9656967,19:44:00,19:44:00,54720,22,,0,0,,0
9656967,19:44:00,19:44:00,53171,23,,0,0,,0
9656967,19:45:00,19:45:00,56762,24,,0,0,,0
9656967,19:45:00,19:45:00,57718,25,,0,0,,0
9656967,19:46:00,19:46:00,50781,26,,1,0,,1
9657006,19:35:00,19:35:00,55432,1,,0,0,,1
9657006,19:37:00,19:37:00,54329,2,,0,0,,0
9657006,19:43:00,19:43:00,55003,3,,0,0,,1
9657006,19:46:00,19:46:00,56877,4,,0,0,,0
9657006,19:47:00,19:47:00,50851,5,,0,0,,0
9657006,19:47:00,19:47:00,55284,6,,0,0,,0
9657006,19:48:00,19:48:00,55248,7,,0,0,,0
9657006,19:50:00,19:50:00,58870,8,,0,0,,1
9657006,19:50:00,19:50:00,54280,9,,0,0,,0
9657006,19:51:00,19:51:00,58747,10,,0,0,,0
9657006,19:51:00,19:51:00,57762,11,,0,0,,0
9657006,19:51:00,19:51:00,59498,12,,0,0,,0
9657006,19:51:00,19:51:00,56988,13,,0,0,,0
9657006,19:52:00,19:52:00,57675,14,,0,0,,0
9657006,19:52:00,19:52:00,54299,15,,0,0,,0
9657006,19:53:00,19:53:00,53189,16,,0,0,,0
9657006,20:06:00,20:06:00,51397,17,,0,0,,1
9657006,20:10:00,20:10:00,51313,18,,0,0,,0
9657006,20:11:00,20:11:00,54232,19,,0,0,,0
9657006,20:11:00,20:11:00,53187,20,,0,0,,0
9657006,20:13:00,20:13:00,53214,21,,0,0,,0
9657006,20:14:00,20:14:00,54720,22,,0,0,,0
9657006,20:14:00,20:14:00,53171,23,,0,0,,0
9657006,20:15:00,20:15:00,56762,24,,0,0,,0
9657006,20:15:00,20:15:00,57718,25,,0,0,,0
9657006,20:16:00,20:16:00,50781,26,,1,0,,1
9656978,20:05:00,20:05:00,55432,1,,0,0,,1
9656978,20:07:00,20:07:00,54329,2,,0,0,,0
9656978,20:13:00,20:13:00,55003,3,,0,0,,1
9656978,20:16:00,20:16:00,56877,4,,0,0,,0
9656978,20:17:00,20:17:00,50851,5,,0,0,,0
9656978,20:17:00,20:17:00,55284,6,,0,0,,0
9656978,20:18:00,20:18:00,55248,7,,0,0,,0
9656978,20:20:00,20:20:00,58870,8,,0,0,,1
9656978,20:20:00,20:20:00,54280,9,,0,0,,0
9656978,20:21:00,20:21:00,58747,10,,0,0,,0
9656978,20:21:00,20:21:00,57762,11,,0,0,,0
9656978,20:21:00,20:21:00,59498,12,,0,0,,0
9656978,20:21:00,20:21:00,56988,13,,0,0,,0
9656978,20:22:00,20:22:00,57675,14,,0,0,,0
9656978,20:22:00,20:22:00,54299,15,,0,0,,0
9656978,20:23:00,20:23:00,53189,16,,0,0,,0
9656978,20:36:00,20:36:00,51397,17,,0,0,,1
9656978,20:40:00,20:40:00,51313,18,,0,0,,0
9656978,20:41:00,20:41:00,54232,19,,0,0,,0
9656978,20:41:00,20:41:00,53187,20,,0,0,,0
9656978,20:43:00,20:43:00,53214,21,,0,0,,0
9656978,20:44:00,20:44:00,54720,22,,0,0,,0
9656978,20:44:00,20:44:00,53171,23,,0,0,,0
9656978,20:45:00,20:45:00,56762,24,,0,0,,0
9656978,20:45:00,20:45:00,57718,25,,0,0,,0
9656978,20:46:00,20:46:00,50781,26,,1,0,,1
9656922,5:25:00,5:25:00,50781,1,,0,0,,1
9656922,5:26:00,5:26:00,53338,2,,0,0,,0
9656922,5:27:00,5:27:00,55877,3,,0,0,,0
9656922,5:28:00,5:28:00,55295,4,,0,0,,0
9656922,5:28:00,5:28:00,50252,5,,0,0,,0
9656922,5:29:00,5:29:00,53173,6,,0,0,,0
9656922,5:31:00,5:31:00,53185,7,,0,0,,0
9656922,5:31:00,5:31:00,55056,8,,0,0,,0
9656922,5:31:00,5:31:00,52911,9,,0,0,,0
9656922,5:36:00,5:36:00,51397,10,,0,0,,1
9656922,5:50:00,5:50:00,51449,11,,0,0,,0
9656922,5:50:00,5:50:00,55804,12,,0,0,,0
9656922,5:51:00,5:51:00,50353,13,,0,0,,0
9656922,5:52:00,5:52:00,55814,14,,0,0,,0
9656922,5:52:00,5:52:00,58465,15,,0,0,,0
9656922,5:53:00,5:53:00,59190,16,,0,0,,0
9656922,5:53:00,5:53:00,54834,17,,0,0,,1
9656922,5:55:00,5:55:00,51843,18,,0,0,,0
9656922,5:56:00,5:56:00,59150,19,,0,0,,0
9656922,5:57:00,5:57:00,58254,20,,0,0,,0
9656922,5:57:00,5:57:00,58328,21,,0,0,,0
9656922,5:59:00,5:59:00,55003,22,,0,0,,1
9656922,6:05:00,6:05:00,50809,23,,0,0,,0
9656922,6:07:00,6:07:00,55432,24,,1,0,,1
9656931,5:55:00,5:55:00,50781,1,,0,0,,1
9656931,5:56:00,5:56:00,53338,2,,0,0,,0
9656931,5:57:00,5:57:00,55877,3,,0,0,,0
9656931,5:58:00,5:58:00,55295,4,,0,0,,0
9656931,5:58:00,5:58:00,50252,5,,0,0,,0
9656931,5:59:00,5:59:00,53173,6,,0,0,,0
9656931,6:01:00,6:01:00,53185,7,,0,0,,0
9656931,6:01:00,6:01:00,55056,8,,0,0,,0
9656931,6:01:00,6:01:00,52911,9,,0,0,,0
9656931,6:06:00,6:06:00,51397,10,,0,0,,1
9656931,6:20:00,6:20:00,51449,11,,0,0,,0
9656931,6:20:00,6:20:00,55804,12,,0,0,,0
9656931,6:21:00,6:21:00,50353,13,,0,0,,0
9656931,6:22:00,6:22:00,55814,14,,0,0,,0
9656931,6:22:00,6:22:00,58465,15,,0,0,,0
9656931,6:23:00,6:23:00,59190,16,,0,0,,0
9656931,6:23:00,6:23:00,54834,17,,0,0,,1
9656931,6:25:00,6:25:00,51843,18,,0,0,,0
9656931,6:26:00,6:26:00,59150,19,,0,0,,0
9656931,6:27:00,6:27:00,58254,20,,0,0,,0
9656931,6:27:00,6:27:00,58328,21,,0,0,,0
9656931,6:29:00,6:29:00,55003,22,,0,0,,1
9656931,6:36:00,6:36:00,50809,23,,0,0,,0
9656931,6:38:00,6:38:00,55432,24,,1,0,,1
9656942,6:25:00,6:25:00,50781,1,,0,0,,1
9656942,6:26:00,6:26:00,53338,2,,0,0,,0
9656942,6:27:00,6:27:00,55877,3,,0,0,,0
9656942,6:28:00,6:28:00,55295,4,,0,0,,0
9656942,6:28:00,6:28:00,50252,5,,0,0,,0
9656942,6:29:00,6:29:00,53173,6,,0,0,,0
9656942,6:31:00,6:31:00,53185,7,,0,0,,0
9656942,6:31:00,6:31:00,55056,8,,0,0,,0
9656942,6:31:00,6:31:00,52911,9,,0,0,,0
9656942,6:36:00,6:36:00,51397,10,,0,0,,1
9656942,6:51:00,6:51:00,51449,11,,0,0,,0
9656942,6:51:00,6:51:00,55804,12,,0,0,,0
9656942,6:52:00,6:52:00,50353,13,,0,0,,0
9656942,6:53:00,6:53:00,55814,14,,0,0,,0
9656942,6:53:00,6:53:00,58465,15,,0,0,,0
9656942,6:54:00,6:54:00,59190,16,,0,0,,0
9656942,6:54:00,6:54:00,54834,17,,0,0,,1
9656942,6:56:00,6:56:00,51843,18,,0,0,,0
9656942,6:57:00,6:57:00,59150,19,,0,0,,0
9656942,6:58:00,6:58:00,58254,20,,0,0,,0
9656942,6:58:00,6:58:00,58328,21,,0,0,,0
9656942,7:00:00,7:00:00,55003,22,,0,0,,1
9656942,7:07:00,7:07:00,50809,23,,0,0,,0
9656942,7:09:00,7:09:00,55432,24,,1,0,,1
9656948,6:55:00,6:55:00,50781,1,,0,0,,1
9656948,6:56:00,6:56:00,53338,2,,0,0,,0
9656948,6:57:00,6:57:00,55877,3,,0,0,,0
9656948,6:58:00,6:58:00,55295,4,,0,0,,0
9656948,6:58:00,6:58:00,50252,5,,0,0,,0
9656948,6:59:00,6:59:00,53173,6,,0,0,,0
9656948,7:01:00,7:01:00,53185,7,,0,0,,0
9656948,7:01:00,7:01:00,55056,8,,0,0,,0
9656948,7:01:00,7:01:00,52911,9,,0,0,,0
9656948,7:06:00,7:06:00,51397,10,,0,0,,1
9656948,7:21:00,7:21:00,51449,11,,0,0,,0
9656948,7:21:00,7:21:00,55804,12,,0,0,,0
9656948,7:22:00,7:22:00,50353,13,,0,0,,0
9656948,7:23:00,7:23:00,55814,14,,0,0,,0
9656948,7:23:00,7:23:00,58465,15,,0,0,,0
9656948,7:24:00,7:24:00,59190,16,,0,0,,0
9656948,7:24:00,7:24:00,54834,17,,0,0,,1
9656948,7:26:00,7:26:00,51843,18,,0,0,,0
9656948,7:27:00,7:27:00,59150,19,,0,0,,0
9656948,7:28:00,7:28:00,58254,20,,0,0,,0
9656948,7:28:00,7:28:00,58328,21,,0,0,,0
9656948,7:30:00,7:30:00,55003,22,,0,0,,1
9656948,7:37:00,7:37:00,50809,23,,0,0,,0
9656948,7:39:00,7:39:00,55432,24,,1,0,,1
9656929,7:25:00,7:25:00,50781,1,,0,0,,1
9656929,7:26:00,7:26:00,53338,2,,0,0,,0
9656929,7:27:00,7:27:00,55877,3,,0,0,,0
9656929,7:28:00,7:28:00,55295,4,,0,0,,0
9656929,7:28:00,7:28:00,50252,5,,0,0,,0
9656929,7:29:00,7:29:00,53173,6,,0,0,,0
9656929,7:31:00,7:31:00,53185,7,,0,0,,0
9656929,7:31:00,7:31:00,55056,8,,0,0,,0
9656929,7:31:00,7:31:00,52911,9,,0,0,,0
9656929,7:36:00,7:36:00,51397,10,,0,0,,1
9656929,7:51:00,7:51:00,51449,11,,0,0,,0
9656929,7:51:00,7:51:00,55804,12,,0,0,,0
9656929,7:52:00,7:52:00,50353,13,,0,0,,0
9656929,7:53:00,7:53:00,55814,14,,0,0,,0
9656929,7:53:00,7:53:00,58465,15,,0,0,,0
9656929,7:54:00,7:54:00,59190,16,,0,0,,0
9656929,7:54:00,7:54:00,54834,17,,0,0,,1
9656929,7:56:00,7:56:00,51843,18,,0,0,,0
9656929,7:57:00,7:57:00,59150,19,,0,0,,0
9656929,7:58:00,7:58:00,58254,20,,0,0,,0
9656929,7:58:00,7:58:00,58328,21,,0,0,,0
9656929,8:00:00,8:00:00,55003,22,,0,0,,1
9656929,8:07:00,8:07:00,50809,23,,0,0,,0
9656929,8:09:00,8:09:00,55432,24,,1,0,,1
9656933,7:55:00,7:55:00,50781,1,,0,0,,1
9656933,7:56:00,7:56:00,53338,2,,0,0,,0
9656933,7:57:00,7:57:00,55877,3,,0,0,,0
9656933,7:58:00,7:58:00,55295,4,,0,0,,0
9656933,7:58:00,7:58:00,50252,5,,0,0,,0
9656933,7:59:00,7:59:00,53173,6,,0,0,,0
9656933,8:01:00,8:01:00,53185,7,,0,0,,0
9656933,8:01:00,8:01:00,55056,8,,0,0,,0
9656933,8:01:00,8:01:00,52911,9,,0,0,,0
9656933,8:06:00,8:06:00,51397,10,,0,0,,1
9656933,8:21:00,8:21:00,51449,11,,0,0,,0
9656933,8:21:00,8:21:00,55804,12,,0,0,,0
9656933,8:22:00,8:22:00,50353,13,,0,0,,0
9656933,8:23:00,8:23:00,55814,14,,0,0,,0
9656933,8:23:00,8:23:00,58465,15,,0,0,,0
9656933,8:24:00,8:24:00,59190,16,,0,0,,0
9656933,8:24:00,8:24:00,54834,17,,0,0,,1
9656933,8:26:00,8:26:00,51843,18,,0,0,,0
9656933,8:27:00,8:27:00,59150,19,,0,0,,0
9656933,8:28:00,8:28:00,58254,20,,0,0,,0
9656933,8:28:00,8:28:00,58328,21,,0,0,,0
9656933,8:30:00,8:30:00,55003,22,,0,0,,1
9656933,8:37:00,8:37:00,50809,23,,0,0,,0
9656933,8:39:00,8:39:00,55432,24,,1,0,,1
9656944,8:25:00,8:25:00,50781,1,,0,0,,1
9656944,8:26:00,8:26:00,53338,2,,0,0,,0
9656944,8:27:00,8:27:00,55877,3,,0,0,,0
9656944,8:28:00,8:28:00,55295,4,,0,0,,0
9656944,8:28:00,8:28:00,50252,5,,0,0,,0
9656944,8:29:00,8:29:00,53173,6,,0,0,,0
9656944,8:31:00,8:31:00,53185,7,,0,0,,0
9656944,8:31:00,8:31:00,55056,8,,0,0,,0
9656944,8:31:00,8:31:00,52911,9,,0,0,,0
9656944,8:36:00,8:36:00,51397,10,,0,0,,1
9656944,8:51:00,8:51:00,51449,11,,0,0,,0
9656944,8:51:00,8:51:00,55804,12,,0,0,,0
9656944,8:52:00,8:52:00,50353,13,,0,0,,0
9656944,8:53:00,8:53:00,55814,14,,0,0,,0
9656944,8:53:00,8:53:00,58465,15,,0,0,,0
9656944,8:54:00,8:54:00,59190,16,,0,0,,0
9656944,8:54:00,8:54:00,54834,17,,0,0,,1
9656944,8:56:00,8:56:00,51843,18,,0,0,,0
9656944,8:57:00,8:57:00,59150,19,,0,0,,0
9656944,8:58:00,8:58:00,58254,20,,0,0,,0
9656944,8:58:00,8:58:00,58328,21,,0,0,,0
9656944,9:00:00,9:00:00,55003,22,,0,0,,1
9656944,9:07:00,9:07:00,50809,23,,0,0,,0
9656944,9:09:00,9:09:00,55432,24,,1,0,,1
9656955,9:28:00,9:28:00,50781,1,,0,0,,1
9656955,9:29:00,9:29:00,53338,2,,0,0,,0
9656955,9:30:00,9:30:00,55877,3,,0,0,,0
9656955,9:31:00,9:31:00,55295,4,,0,0,,0
9656955,9:31:00,9:31:00,50252,5,,0,0,,0
9656955,9:32:00,9:32:00,53173,6,,0,0,,0
9656955,9:34:00,9:34:00,53185,7,,0,0,,0
9656955,9:34:00,9:34:00,55056,8,,0,0,,0
9656955,9:34:00,9:34:00,52911,9,,0,0,,0
9656955,9:39:00,9:39:00,51397,10,,0,0,,1
9656955,9:54:00,9:54:00,51449,11,,0,0,,0
9656955,9:54:00,9:54:00,55804,12,,0,0,,0
9656955,9:55:00,9:55:00,50353,13,,0,0,,0
9656955,9:56:00,9:56:00,55814,14,,0,0,,0
9656955,9:56:00,9:56:00,58465,15,,0,0,,0
9656955,9:57:00,9:57:00,59190,16,,0,0,,0
9656955,9:57:00,9:57:00,54834,17,,0,0,,1
9656955,9:59:00,9:59:00,51843,18,,0,0,,0
9656955,10:00:00,10:00:00,59150,19,,0,0,,0
9656955,10:01:00,10:01:00,58254,20,,0,0,,0
9656955,10:01:00,10:01:00,58328,21,,0,0,,0
9656955,10:03:00,10:03:00,55003,22,,0,0,,1
9656955,10:10:00,10:10:00,50809,23,,0,0,,0
9656955,10:12:00,10:12:00,55432,24,,1,0,,1
9656959,10:46:00,10:46:00,50781,1,,0,0,,1
9656959,10:47:00,10:47:00,53338,2,,0,0,,0
9656959,10:48:00,10:48:00,55877,3,,0,0,,0
9656959,10:49:00,10:49:00,55295,4,,0,0,,0
9656959,10:49:00,10:49:00,50252,5,,0,0,,0
9656959,10:50:00,10:50:00,53173,6,,0,0,,0
9656959,10:52:00,10:52:00,53185,7,,0,0,,0
9656959,10:53:00,10:53:00,55056,8,,0,0,,0
9656959,10:53:00,10:53:00,52911,9,,0,0,,0
9656959,10:58:00,10:58:00,51397,10,,0,0,,1
9656959,11:13:00,11:13:00,51449,11,,0,0,,0
9656959,11:13:00,11:13:00,55804,12,,0,0,,0
9656959,11:14:00,11:14:00,50353,13,,0,0,,0
9656959,11:15:00,11:15:00,55814,14,,0,0,,0
9656959,11:15:00,11:15:00,58465,15,,0,0,,0
9656959,11:16:00,11:16:00,59190,16,,0,0,,0
9656959,11:16:00,11:16:00,54834,17,,0,0,,1
9656959,11:18:00,11:18:00,51843,18,,0,0,,0
9656959,11:19:00,11:19:00,59150,19,,0,0,,0
9656959,11:20:00,11:20:00,58254,20,,0,0,,0
9656959,11:20:00,11:20:00,58328,21,,0,0,,0
9656959,11:22:00,11:22:00,55003,22,,0,0,,1
9656959,11:29:00,11:29:00,50809,23,,0,0,,0
9656959,11:31:00,11:31:00,55432,24,,1,0,,1
9656957,11:45:00,11:45:00,50781,1,,0,0,,1
9656957,11:46:00,11:46:00,53338,2,,0,0,,0
9656957,11:47:00,11:47:00,55877,3,,0,0,,0
9656957,11:48:00,11:48:00,55295,4,,0,0,,0
9656957,11:48:00,11:48:00,50252,5,,0,0,,0
9656957,11:49:00,11:49:00,53173,6,,0,0,,0
9656957,11:51:00,11:51:00,53185,7,,0,0,,0
9656957,11:52:00,11:52:00,55056,8,,0,0,,0
9656957,11:52:00,11:52:00,52911,9,,0,0,,0
9656957,11:57:00,11:57:00,51397,10,,0,0,,1
9656957,12:12:00,12:12:00,51449,11,,0,0,,0
9656957,12:12:00,12:12:00,55804,12,,0,0,,0
9656957,12:13:00,12:13:00,50353,13,,0,0,,0
9656957,12:14:00,12:14:00,55814,14,,0,0,,0
9656957,12:14:00,12:14:00,58465,15,,0,0,,0
9656957,12:15:00,12:15:00,59190,16,,0,0,,0
9656957,12:15:00,12:15:00,54834,17,,0,0,,1
9656957,12:17:00,12:17:00,51843,18,,0,0,,0
9656957,12:18:00,12:18:00,59150,19,,0,0,,0
9656957,12:19:00,12:19:00,58254,20,,0,0,,0
9656957,12:19:00,12:19:00,58328,21,,0,0,,0
9656957,12:21:00,12:21:00,55003,22,,0,0,,1
9656957,12:28:00,12:28:00,50809,23,,0,0,,0
9656957,12:30:00,12:30:00,55432,24,,1,0,,1
9656962,13:30:00,13:30:00,50781,1,,0,0,,1
9656962,13:31:00,13:31:00,53338,2,,0,0,,0
9656962,13:32:00,13:32:00,55877,3,,0,0,,0
9656962,13:33:00,13:33:00,55295,4,,0,0,,0
9656962,13:33:00,13:33:00,50252,5,,0,0,,0
9656962,13:34:00,13:34:00,53173,6,,0,0,,0
9656962,13:36:00,13:36:00,53185,7,,0,0,,0
9656962,13:37:00,13:37:00,55056,8,,0,0,,0
9656962,13:37:00,13:37:00,52911,9,,0,0,,0
9656962,13:42:00,13:42:00,51397,10,,0,0,,1
9656962,13:57:00,13:57:00,51449,11,,0,0,,0
9656962,13:57:00,13:57:00,55804,12,,0,0,,0
9656962,13:58:00,13:58:00,50353,13,,0,0,,0
9656962,13:59:00,13:59:00,55814,14,,0,0,,0
9656962,13:59:00,13:59:00,58465,15,,0,0,,0
9656962,14:00:00,14:00:00,59190,16,,0,0,,0
9656962,14:00:00,14:00:00,54834,17,,0,0,,1
9656962,14:02:00,14:02:00,51843,18,,0,0,,0
9656962,14:03:00,14:03:00,59150,19,,0,0,,0
9656962,14:04:00,14:04:00,58254,20,,0,0,,0
9656962,14:04:00,14:04:00,58328,21,,0,0,,0
9656962,14:06:00,14:06:00,55003,22,,0,0,,1
9656962,14:13:00,14:13:00,50809,23,,0,0,,0
9656962,14:15:00,14:15:00,55432,24,,1,0,,1
9656973,14:00:00,14:00:00,50781,1,,0,0,,1
9656973,14:01:00,14:01:00,53338,2,,0,0,,0
9656973,14:02:00,14:02:00,55877,3,,0,0,,0
9656973,14:03:00,14:03:00,55295,4,,0,0,,0
9656973,14:03:00,14:03:00,50252,5,,0,0,,0
9656973,14:04:00,14:04:00,53173,6,,0,0,,0
9656973,14:06:00,14:06:00,53185,7,,0,0,,0
9656973,14:07:00,14:07:00,55056,8,,0,0,,0
9656973,14:07:00,14:07:00,52911,9,,0,0,,0
9656973,14:12:00,14:12:00,51397,10,,0,0,,1
9656973,14:27:00,14:27:00,51449,11,,0,0,,0
9656973,14:27:00,14:27:00,55804,12,,0,0,,0
9656973,14:28:00,14:28:00,50353,13,,0,0,,0
9656973,14:29:00,14:29:00,55814,14,,0,0,,0
9656973,14:29:00,14:29:00,58465,15,,0,0,,0
9656973,14:30:00,14:30:00,59190,16,,0,0,,0
9656973,14:30:00,14:30:00,54834,17,,0,0,,1
9656973,14:32:00,14:32:00,51843,18,,0,0,,0
9656973,14:33:00,14:33:00,59150,19,,0,0,,0
9656973,14:34:00,14:34:00,58254,20,,0,0,,0
9656973,14:34:00,14:34:00,58328,21,,0,0,,0
9656973,14:36:00,14:36:00,55003,22,,0,0,,1
9656973,14:43:00,14:43:00,50809,23,,0,0,,0
9656973,14:45:00,14:45:00,55432,24,,1,0,,1
9656989,14:30:00,14:30:00,50781,1,,0,0,,1
9656989,14:31:00,14:31:00,53338,2,,0,0,,0
9656989,14:32:00,14:32:00,55877,3,,0,0,,0
9656989,14:33:00,14:33:00,55295,4,,0,0,,0
9656989,14:33:00,14:33:00,50252,5,,0,0,,0
9656989,14:34:00,14:34:00,53173,6,,0,0,,0
9656989,14:36:00,14:36:00,53185,7,,0,0,,0
9656989,14:37:00,14:37:00,55056,8,,0,0,,0
9656989,14:37:00,14:37:00,52911,9,,0,0,,0
9656989,14:42:00,14:42:00,51397,10,,0,0,,1
9656989,14:57:00,14:57:00,51449,11,,0,0,,0
9656989,14:57:00,14:57:00,55804,12,,0,0,,0
9656989,14:58:00,14:58:00,50353,13,,0,0,,0
9656989,14:59:00,14:59:00,55814,14,,0,0,,0
9656989,14:59:00,14:59:00,58465,15,,0,0,,0
9656989,15:00:00,15:00:00,59190,16,,0,0,,0
9656989,15:00:00,15:00:00,54834,17,,0,0,,1
9656989,15:02:00,15:02:00,51843,18,,0,0,,0
9656989,15:03:00,15:03:00,59150,19,,0,0,,0
9656989,15:04:00,15:04:00,58254,20,,0,0,,0
9656989,15:04:00,15:04:00,58328,21,,0,0,,0
9656989,15:06:00,15:06:00,55003,22,,0,0,,1
9656989,15:13:00,15:13:00,50809,23,,0,0,,0
9656989,15:15:00,15:15:00,55432,24,,1,0,,1
9656964,15:00:00,15:00:00,50781,1,,0,0,,1
9656964,15:01:00,15:01:00,53338,2,,0,0,,0
9656964,15:02:00,15:02:00,55877,3,,0,0,,0
9656964,15:03:00,15:03:00,55295,4,,0,0,,0
9656964,15:03:00,15:03:00,50252,5,,0,0,,0
9656964,15:04:00,15:04:00,53173,6,,0,0,,0
9656964,15:06:00,15:06:00,53185,7,,0,0,,0
9656964,15:07:00,15:07:00,55056,8,,0,0,,0
9656964,15:07:00,15:07:00,52911,9,,0,0,,0
9656964,15:12:00,15:12:00,51397,10,,0,0,,1
9656964,15:27:00,15:27:00,51449,11,,0,0,,0
9656964,15:27:00,15:27:00,55804,12,,0,0,,0
9656964,15:28:00,15:28:00,50353,13,,0,0,,0
9656964,15:29:00,15:29:00,55814,14,,0,0,,0
9656964,15:29:00,15:29:00,58465,15,,0,0,,0
9656964,15:30:00,15:30:00,59190,16,,0,0,,0
9656964,15:30:00,15:30:00,54834,17,,0,0,,1
9656964,15:32:00,15:32:00,51843,18,,0,0,,0
9656964,15:33:00,15:33:00,59150,19,,0,0,,0
9656964,15:34:00,15:34:00,58254,20,,0,0,,0
9656964,15:34:00,15:34:00,58328,21,,0,0,,0
9656964,15:36:00,15:36:00,55003,22,,0,0,,1
9656964,15:43:00,15:43:00,50809,23,,0,0,,0
9656964,15:45:00,15:45:00,55432,24,,1,0,,1
9657003,15:30:00,15:30:00,50781,1,,0,0,,1
9657003,15:31:00,15:31:00,53338,2,,0,0,,0
9657003,15:32:00,15:32:00,55877,3,,0,0,,0
9657003,15:33:00,15:33:00,55295,4,,0,0,,0
9657003,15:33:00,15:33:00,50252,5,,0,0,,0
9657003,15:34:00,15:34:00,53173,6,,0,0,,0
9657003,15:36:00,15:36:00,53185,7,,0,0,,0
9657003,15:37:00,15:37:00,55056,8,,0,0,,0
9657003,15:37:00,15:37:00,52911,9,,0,0,,0
9657003,15:42:00,15:42:00,51397,10,,0,0,,1
9657003,15:57:00,15:57:00,51449,11,,0,0,,0
9657003,15:57:00,15:57:00,55804,12,,0,0,,0
9657003,15:58:00,15:58:00,50353,13,,0,0,,0
9657003,15:59:00,15:59:00,55814,14,,0,0,,0
9657003,15:59:00,15:59:00,58465,15,,0,0,,0
9657003,16:00:00,16:00:00,59190,16,,0,0,,0
9657003,16:00:00,16:00:00,54834,17,,0,0,,1
9657003,16:02:00,16:02:00,51843,18,,0,0,,0
9657003,16:03:00,16:03:00,59150,19,,0,0,,0
9657003,16:04:00,16:04:00,58254,20,,0,0,,0
9657003,16:04:00,16:04:00,58328,21,,0,0,,0
9657003,16:06:00,16:06:00,55003,22,,0,0,,1
9657003,16:13:00,16:13:00,50809,23,,0,0,,0
9657003,16:15:00,16:15:00,55432,24,,1,0,,1
9656975,16:00:00,16:00:00,50781,1,,0,0,,1
9656975,16:01:00,16:01:00,53338,2,,0,0,,0
9656975,16:02:00,16:02:00,55877,3,,0,0,,0
9656975,16:03:00,16:03:00,55295,4,,0,0,,0
9656975,16:04:00,16:04:00,50252,5,,0,0,,0
9656975,16:05:00,16:05:00,53173,6,,0,0,,0
9656975,16:07:00,16:07:00,53185,7,,0,0,,0
9656975,16:07:00,16:07:00,55056,8,,0,0,,0
9656975,16:08:00,16:08:00,52911,9,,0,0,,0
9656975,16:13:00,16:13:00,51397,10,,0,0,,1
9656975,16:28:00,16:28:00,51449,11,,0,0,,0
9656975,16:28:00,16:28:00,55804,12,,0,0,,0
9656975,16:29:00,16:29:00,50353,13,,0,0,,0
9656975,16:30:00,16:30:00,55814,14,,0,0,,0
9656975,16:30:00,16:30:00,58465,15,,0,0,,0
9656975,16:31:00,16:31:00,59190,16,,0,0,,0
9656975,16:31:00,16:31:00,54834,17,,0,0,,1
9656975,16:33:00,16:33:00,51843,18,,0,0,,0
9656975,16:34:00,16:34:00,59150,19,,0,0,,0
9656975,16:35:00,16:35:00,58254,20,,0,0,,0
9656975,16:35:00,16:35:00,58328,21,,0,0,,0
9656975,16:37:00,16:37:00,55003,22,,0,0,,1
9656975,16:44:00,16:44:00,50809,23,,0,0,,0
9656975,16:46:00,16:46:00,55432,24,,1,0,,1
9656991,16:30:00,16:30:00,50781,1,,0,0,,1
9656991,16:31:00,16:31:00,53338,2,,0,0,,0
9656991,16:32:00,16:32:00,55877,3,,0,0,,0
9656991,16:33:00,16:33:00,55295,4,,0,0,,0
9656991,16:34:00,16:34:00,50252,5,,0,0,,0
9656991,16:35:00,16:35:00,53173,6,,0,0,,0
9656991,16:37:00,16:37:00,53185,7,,0,0,,0
9656991,16:37:00,16:37:00,55056,8,,0,0,,0
9656991,16:38:00,16:38:00,52911,9,,0,0,,0
9656991,16:43:00,16:43:00,51397,10,,0,0,,1
9656991,16:58:00,16:58:00,51449,11,,0,0,,0
9656991,16:58:00,16:58:00,55804,12,,0,0,,0
9656991,16:59:00,16:59:00,50353,13,,0,0,,0
9656991,17:00:00,17:00:00,55814,14,,0,0,,0
9656991,17:00:00,17:00:00,58465,15,,0,0,,0
9656991,17:01:00,17:01:00,59190,16,,0,0,,0
9656991,17:01:00,17:01:00,54834,17,,0,0,,1
9656991,17:03:00,17:03:00,51843,18,,0,0,,0
9656991,17:04:00,17:04:00,59150,19,,0,0,,0
9656991,17:05:00,17:05:00,58254,20,,0,0,,0
9656991,17:05:00,17:05:00,58328,21,,0,0,,0
9656991,17:07:00,17:07:00,55003,22,,0,0,,1
9656991,17:14:00,17:14:00,50809,23,,0,0,,0
9656991,17:16:00,17:16:00,55432,24,,1,0,,1
9657007,17:00:00,17:00:00,50781,1,,0,0,,1
9657007,17:01:00,17:01:00,53338,2,,0,0,,0
9657007,17:02:00,17:02:00,55877,3,,0,0,,0
9657007,17:03:00,17:03:00,55295,4,,0,0,,0
9657007,17:04:00,17:04:00,50252,5,,0,0,,0
9657007,17:05:00,17:05:00,53173,6,,0,0,,0
9657007,17:07:00,17:07:00,53185,7,,0,0,,0
9657007,17:07:00,17:07:00,55056,8,,0,0,,0
9657007,17:08:00,17:08:00,52911,9,,0,0,,0
9657007,17:13:00,17:13:00,51397,10,,0,0,,1
9657007,17:28:00,17:28:00,51449,11,,0,0,,0
9657007,17:28:00,17:28:00,55804,12,,0,0,,0
9657007,17:29:00,17:29:00,50353,13,,0,0,,0
9657007,17:30:00,17:30:00,55814,14,,0,0,,0
9657007,17:30:00,17:30:00,58465,15,,0,0,,0
9657007,17:31:00,17:31:00,59190,16,,0,0,,0
9657007,17:31:00,17:31:00,54834,17,,0,0,,1
9657007,17:33:00,17:33:00,51843,18,,0,0,,0
9657007,17:34:00,17:34:00,59150,19,,0,0,,0
9657007,17:35:00,17:35:00,58254,20,,0,0,,0
9657007,17:35:00,17:35:00,58328,21,,0,0,,0
9657007,17:37:00,17:37:00,55003,22,,0,0,,1
9657007,17:44:00,17:44:00,50809,23,,0,0,,0
9657007,17:46:00,17:46:00,55432,24,,1,0,,1
9656966,17:30:00,17:30:00,50781,1,,0,0,,1
9656966,17:31:00,17:31:00,53338,2,,0,0,,0
9656966,17:32:00,17:32:00,55877,3,,0,0,,0
9656966,17:33:00,17:33:00,55295,4,,0,0,,0
9656966,17:34:00,17:34:00,50252,5,,0,0,,0
9656966,17:35:00,17:35:00,53173,6,,0,0,,0
9656966,17:37:00,17:37:00,53185,7,,0,0,,0
9656966,17:37:00,17:37:00,55056,8,,0,0,,0
9656966,17:38:00,17:38:00,52911,9,,0,0,,0
9656966,17:43:00,17:43:00,51397,10,,0,0,,1
9656966,17:58:00,17:58:00,51449,11,,0,0,,0
9656966,17:58:00,17:58:00,55804,12,,0,0,,0
9656966,17:59:00,17:59:00,50353,13,,0,0,,0
9656966,18:00:00,18:00:00,55814,14,,0,0,,0
9656966,18:00:00,18:00:00,58465,15,,0,0,,0
9656966,18:01:00,18:01:00,59190,16,,0,0,,0
9656966,18:01:00,18:01:00,54834,17,,0,0,,1
9656966,18:03:00,18:03:00,51843,18,,0,0,,0
9656966,18:04:00,18:04:00,59150,19,,0,0,,0
9656966,18:05:00,18:05:00,58254,20,,0,0,,0
9656966,18:05:00,18:05:00,58328,21,,0,0,,0
9656966,18:07:00,18:07:00,55003,22,,0,0,,1
9656966,18:14:00,18:14:00,50809,23,,0,0,,0
9656966,18:16:00,18:16:00,55432,24,,1,0,,1
9657005,18:00:00,18:00:00,50781,1,,0,0,,1
9657005,18:01:00,18:01:00,53338,2,,0,0,,0
9657005,18:02:00,18:02:00,55877,3,,0,0,,0
9657005,18:03:00,18:03:00,55295,4,,0,0,,0
9657005,18:03:00,18:03:00,50252,5,,0,0,,0
9657005,18:04:00,18:04:00,53173,6,,0,0,,0
9657005,18:06:00,18:06:00,53185,7,,0,0,,0
9657005,18:07:00,18:07:00,55056,8,,0,0,,0
9657005,18:07:00,18:07:00,52911,9,,0,0,,0
9657005,18:12:00,18:12:00,51397,10,,0,0,,1
9657005,18:27:00,18:27:00,51449,11,,0,0,,0
9657005,18:27:00,18:27:00,55804,12,,0,0,,0
9657005,18:28:00,18:28:00,50353,13,,0,0,,0
9657005,18:29:00,18:29:00,55814,14,,0,0,,0
9657005,18:29:00,18:29:00,58465,15,,0,0,,0
9657005,18:30:00,18:30:00,59190,16,,0,0,,0
9657005,18:30:00,18:30:00,54834,17,,0,0,,1
9657005,18:32:00,18:32:00,51843,18,,0,0,,0
9657005,18:33:00,18:33:00,59150,19,,0,0,,0
9657005,18:34:00,18:34:00,58254,20,,0,0,,0
9657005,18:34:00,18:34:00,58328,21,,0,0,,0
9657005,18:36:00,18:36:00,55003,22,,0,0,,1
9657005,18:42:00,18:42:00,50809,23,,0,0,,0
9657005,18:44:00,18:44:00,55432,24,,1,0,,1
9656977,18:30:00,18:30:00,50781,1,,0,0,,1
9656977,18:31:00,18:31:00,53338,2,,0,0,,0
9656977,18:32:00,18:32:00,55877,3,,0,0,,0
9656977,18:33:00,18:33:00,55295,4,,0,0,,0
9656977,18:33:00,18:33:00,50252,5,,0,0,,0
9656977,18:34:00,18:34:00,53173,6,,0,0,,0
9656977,18:36:00,18:36:00,53185,7,,0,0,,0
9656977,18:37:00,18:37:00,55056,8,,0,0,,0
9656977,18:37:00,18:37:00,52911,9,,0,0,,0
9656977,18:42:00,18:42:00,51397,10,,0,0,,1
9656977,18:57:00,18:57:00,51449,11,,0,0,,0
9656977,18:57:00,18:57:00,55804,12,,0,0,,0
9656977,18:58:00,18:58:00,50353,13,,0,0,,0
9656977,18:59:00,18:59:00,55814,14,,0,0,,0
9656977,18:59:00,18:59:00,58465,15,,0,0,,0
9656977,19:00:00,19:00:00,59190,16,,0,0,,0
9656977,19:00:00,19:00:00,54834,17,,0,0,,1
9656977,19:02:00,19:02:00,51843,18,,0,0,,0
9656977,19:03:00,19:03:00,59150,19,,0,0,,0
9656977,19:04:00,19:04:00,58254,20,,0,0,,0
9656977,19:04:00,19:04:00,58328,21,,0,0,,0
9656977,19:06:00,19:06:00,55003,22,,0,0,,1
9656977,19:12:00,19:12:00,50809,23,,0,0,,0
9656977,19:14:00,19:14:00,55432,24,,1,0,,1
9657009,19:05:00,19:05:00,50781,1,,0,0,,1
9657009,19:06:00,19:06:00,53338,2,,0,0,,0
9657009,19:07:00,19:07:00,55877,3,,0,0,,0
9657009,19:08:00,19:08:00,55295,4,,0,0,,0
9657009,19:08:00,19:08:00,50252,5,,0,0,,0
9657009,19:09:00,19:09:00,53173,6,,0,0,,0
9657009,19:11:00,19:11:00,53185,7,,0,0,,0
9657009,19:12:00,19:12:00,55056,8,,0,0,,0
9657009,19:12:00,19:12:00,52911,9,,0,0,,0
9657009,19:17:00,19:17:00,51397,10,,0,0,,1
9657009,19:29:00,19:29:00,51449,11,,0,0,,0
9657009,19:30:00,19:30:00,55804,12,,0,0,,0
9657009,19:31:00,19:31:00,50353,13,,0,0,,0
9657009,19:31:00,19:31:00,55814,14,,0,0,,0
9657009,19:31:00,19:31:00,58465,15,,0,0,,0
9657009,19:32:00,19:32:00,59190,16,,0,0,,0
9657009,19:32:00,19:32:00,54834,17,,0,0,,1
9657009,19:34:00,19:34:00,51843,18,,0,0,,0
9657009,19:35:00,19:35:00,59150,19,,0,0,,0
9657009,19:36:00,19:36:00,58254,20,,0,0,,0
9657009,19:36:00,19:36:00,58328,21,,0,0,,0
9657009,19:38:00,19:38:00,55003,22,,0,0,,1
9657009,19:44:00,19:44:00,50809,23,,0,0,,0
9657009,19:46:00,19:46:00,55432,24,,1,0,,1