service_id,date,exception_type
121091,20240101,2
121091,20231225,2
121091,20240311,1
121091,20240304,1
121091,20231030,1
121091,20231002,1
121091,20231218,1
121091,20231120,1
121091,20231023,1
121091,20231113,1
121091,20231211,1
121091,20240108,1
121091,20240205,1
121091,20231016,1
121091,20231106,1
121091,20231204,1
121091,20240129,1
121091,20240226,1
121091,20231009,1
121091,20231127,1
121091,20240325,1
121091,20240122,1
121091,20240219,1
121091,20240318,1
121091,20240115,1
121091,20240212,1
121091,20231123,2
121091,20231214,1
121091,20231116,1
121091,20240111,1
121091,20231019,1
121091,20231109,1
121091,20231207,1
121091,20240201,1
121091,20240104,1
121091,20240229,1
121091,20231012,1
121091,20231130,1
121091,20231228,1
121091,20240125,1
121091,20240222,1
121091,20231102,1
121091,20240321,1
121091,20231221,1
121091,20240118,1
121091,20240215,1
121091,20240314,1
121091,20240307,1
121091,20240208,1
121091,20240328,1
121091,20231005,1
121091,20231026,1
121091,20230928,1
118746,20240101,2
118746,20231225,2
118746,20240219,2
118746,20240115,2
118746,20240311,1
118746,20240304,1
118746,20231030,1
118746,20231002,1
118746,20231218,1
118746,20231120,1
118746,20231023,1
118746,20231113,1
118746,20231211,1
118746,20240108,1
118746,20240205,1
118746,20231016,1
118746,20231106,1
118746,20231204,1
118746,20240129,1
118746,20240226,1
118746,20231009,1
118746,20231127,1
118746,20240325,1
118746,20240122,1
118746,20240318,1
118746,20240212,1
118746,20231123,2
118746,20231214,1
118746,20231116,1
118746,20240111,1
118746,20231019,1
118746,20231109,1
118746,20231207,1
118746,20240201,1
118746,20240104,1
118746,20240229,1
118746,20231012,1
118746,20231130,1
118746,20231228,1
118746,20240125,1
118746,20240222,1
118746,20231102,1
118746,20240321,1
118746,20231221,1
118746,20240118,1
118746,20240215,1
118746,20240314,1
118746,20240307,1
118746,20240208,1
118746,20240328,1
118746,20231005,1
118746,20231026,1
118746,20230928,1
117984,20240101,2
117984,20231225,2
117984,20240311,1
117984,20240304,1
117984,20231030,1
117984,20231002,1
117984,20231218,1
117984,20231120,1
117984,20231023,1
117984,20231113,1
117984,20231211,1
117984,20240108,1
117984,20240205,1
117984,20231016,1
117984,20231106,1
117984,20231204,1
117984,20240129,1
117984,20240226,1
117984,20231009,1
117984,20231127,1
117984,20240325,1
117984,20240122,1
117984,20240219,1
117984,20240318,1
117984,20240115,1
117984,20240212,1
117984,20231123,2
117984,20231214,1
117984,20231116,1
117984,20240111,1
117984,20231019,1
117984,20231109,1
117984,20231207,1
117984,20240104,1
117984,20240201,1
117984,20240229,1
117984,20231012,1
117984,20231130,1
117984,20231228,1
117984,20240125,1
117984,20240222,1
117984,20231102,1
117984,20240321,1
117984,20231221,1
117984,20240118,1
117984,20240215,1
117984,20240314,1
117984,20240307,1
117984,20240208,1
117984,20240328,1
117984,20231005,1
117984,20231026,1
117769,20240101,2
117769,20231009,2
117769,20231225,2
117769,20240311,1
117769,20240304,1
117769,20231030,1
117769,20231002,1
117769,20231218,1
117769,20231120,1
117769,20231023,1
117769,20231113,1
117769,20231211,1
117769,20240108,1
117769,20240205,1
117769,20231016,1
117769,20231106,1
117769,20231204,1
117769,20240129,1
117769,20240226,1
117769,20231127,1
117769,20240325,1
117769,20240122,1
117769,20240219,1
117769,20240318,1
117769,20240115,1
117769,20240212,1
117769,20231123,2
117769,20231214,1
117769,20231116,1
117769,20240111,1
117769,20231019,1
117769,20231109,1
117769,20231207,1
117769,20240201,1
117769,20240104,1
117769,20240229,1
117769,20231012,1
117769,20231130,1
117769,20231228,1
117769,20240125,1
117769,20240222,1
117769,20231102,1
117769,20240321,1
117769,20231221,1
117769,20240118,1
117769,20240215,1
117769,20240314,1
117769,20240307,1
117769,20240208,1
117769,20240328,1
117769,20231005,1
117769,20231026,1
117769,20230928,1
117769,20230929,2
117769,20231013,2
117769,20231006,2
117769,20231027,1
117769,20231117,1
117769,20231215,1
117769,20240112,1
117769,20231020,1
117769,20231110,1
117769,20231208,1
117769,20240105,1
117769,20240202,1
117769,20240301,1
117769,20231201,1
117769,20240126,1
117769,20231229,1
117769,20240223,1
117769,20231103,1
117769,20231124,1
117769,20240322,1
117769,20240119,1
117769,20231222,1
117769,20240216,1
117769,20240315,1
117769,20240308,1
117769,20240209,1
117769,20240329,1
115901,20240101,2
115901,20231009,2
115901,20231225,2
115901,20240311,1
115901,20240304,1
115901,20231030,1
115901,20231002,1
115901,20231218,1
115901,20231120,1
115901,20231023,1
115901,20231113,1
115901,20231211,1
115901,20240108,1
115901,20240205,1
115901,20231016,1
115901,20231106,1
115901,20231204,1
115901,20240129,1
115901,20240226,1
115901,20231127,1
115901,20240325,1
115901,20240122,1
115901,20240219,1
115901,20240318,1
115901,20240115,1
115901,20240212,1
115901,20231123,2
115901,20231214,1
115901,20231116,1
115901,20240111,1
115901,20231019,1
115901,20231109,1
115901,20231207,1
115901,20240104,1
115901,20240201,1
115901,20240229,1
115901,20231012,1
115901,20231130,1
115901,20231228,1
115901,20240125,1
115901,20240222,1
115901,20231102,1
115901,20240321,1
115901,20231221,1
115901,20240118,1
115901,20240215,1
115901,20240314,1
115901,20240307,1
115901,20240208,1
115901,20240328,1
115901,20231005,1
115901,20231026,1
115901,20231013,2
115901,20231006,2
115901,20231027,1
115901,20231117,1
115901,20231215,1
115901,20240112,1
115901,20231020,1
115901,20231110,1
115901,20231208,1
115901,20240105,1
115901,20240202,1
115901,20240301,1
115901,20231201,1
115901,20240126,1
115901,20231229,1
115901,20240223,1
115901,20231103,1
115901,20231124,1
115901,20240322,1
115901,20240119,1
115901,20231222,1
115901,20240216,1
115901,20240315,1
115901,20240308,1
115901,20240209,1
115901,20240329,1
115639,20240101,2
115639,20231225,2
115639,20240219,2
115639,20240115,2
115639,20240311,1
115639,20240304,1
115639,20231030,1
115639,20231002,1
115639,20231218,1
115639,20231120,1
115639,20231023,1
115639,20231113,1
115639,20231211,1
115639,20240108,1
115639,20240205,1
115639,20231016,1
115639,20231106,1
115639,20231204,1
115639,20240129,1
115639,20240226,1
115639,20231009,1
115639,20231127,1
115639,20240325,1
115639,20240122,1
115639,20240318,1
115639,20240212,1
115639,20231123,2
115639,20231214,1
115639,20231116,1
115639,20240111,1
115639,20231019,1
115639,20231109,1
115639,20231207,1
115639,20240104,1
115639,20240201,1
115639,20240229,1
115639,20231012,1
115639,20231130,1
115639,20231228,1
115639,20240125,1
115639,20240222,1
115639,20231102,1
115639,20240321,1
115639,20231221,1
115639,20240118,1
115639,20240215,1
115639,20240314,1
115639,20240307,1
115639,20240208,1
115639,20240328,1
115639,20231005,1
115639,20231026,1
115209,20240101,2
115209,20231225,2
115209,20240219,2
115209,20240115,2
115209,20240311,1
115209,20240304,1
115209,20231030,1
115209,20231002,1
115209,20231218,1
115209,20231120,1
115209,20231023,1
115209,20231113,1
115209,20231211,1
115209,20240108,1
115209,20240205,1
115209,20231016,1
115209,20231106,1
115209,20231204,1
115209,20240129,1
115209,20240226,1
115209,20231009,1
115209,20231127,1
115209,20240325,1
115209,20240122,1
115209,20240318,1
115209,20240212,1
115209,20231123,2
115209,20231214,1
115209,20231116,1
115209,20240111,1
115209,20231019,1
115209,20231109,1
115209,20231207,1
115209,20240104,1
115209,20240201,1
115209,20240229,1
115209,20231012,1
115209,20231130,1
115209,20231228,1
115209,20240125,1
115209,20240222,1
115209,20231102,1
115209,20240321,1
115209,20231221,1
115209,20240118,1
115209,20240215,1
115209,20240314,1
115209,20240307,1
115209,20240208,1
115209,20240328,1
115209,20231005,1
115209,20231026,1
115209,20231124,2
115209,20231027,1
115209,20231117,1
115209,20231215,1
115209,20240112,1
115209,20231020,1
115209,20231110,1
115209,20231208,1
115209,20240105,1
115209,20240202,1
115209,20240301,1
115209,20231013,1
115209,20231201,1
115209,20240126,1
115209,20231229,1
115209,20240223,1
115209,20231006,1
115209,20231103,1
115209,20240322,1
115209,20240119,1
115209,20231222,1
115209,20240216,1
115209,20240315,1
115209,20240308,1
115209,20240209,1
115209,20240329,1
106312,20231218,2
106312,20240101,2
106312,20231225,2
106312,20240219,2
106312,20240115,2
106312,20240311,1
106312,20240304,1
106312,20231030,1
106312,20231002,1
106312,20231120,1
106312,20231023,1
106312,20231113,1
106312,20231211,1
106312,20240108,1
106312,20240205,1
106312,20231016,1
106312,20231106,1
106312,20231204,1
106312,20240129,1
106312,20240226,1
106312,20231009,1
106312,20231127,1
106312,20240325,1
106312,20240122,1
106312,20240318,1
106312,20240212,1
106312,20231219,2
106312,20231226,2
106312,20240220,1
106312,20231031,1
106312,20240319,1
106312,20240116,1
106312,20240213,1
106312,20240312,1
106312,20240305,1
106312,20231003,1
106312,20231121,1
106312,20230926,1
106312,20231024,1
106312,20231114,1
106312,20231212,1
106312,20240206,1
106312,20240109,1
106312,20231017,1
106312,20231205,1
106312,20231107,1
106312,20240130,1
106312,20240102,1
106312,20240227,1
106312,20231010,1
106312,20231128,1
106312,20240326,1
106312,20240123,1
106312,20231227,2
106312,20231220,2
106312,20240131,1
106312,20240103,1
106312,20240228,1
106312,20231011,1
106312,20231129,1
106312,20240327,1
106312,20240124,1
106312,20240221,1
106312,20231101,1
106312,20240320,1
106312,20240117,1
106312,20240214,1
106312,20240313,1
106312,20240306,1
106312,20240207,1
106312,20231004,1
106312,20231122,1
106312,20230927,1
106312,20231025,1
106312,20231213,1
106312,20231115,1
106312,20240110,1
106312,20231018,1
106312,20231206,1
106312,20231108,1
106312,20231228,2
106312,20231221,2
106312,20240215,2
106312,20231123,2
106312,20231214,1
106312,20231116,1
106312,20240111,1
106312,20231019,1
106312,20231109,1
106312,20231207,1
106312,20240104,1
106312,20240201,1
106312,20240229,1
106312,20231012,1
106312,20231130,1
106312,20240125,1
106312,20240222,1
106312,20231102,1
106312,20240321,1
106312,20240118,1
106312,20240314,1
106312,20240307,1
106312,20240208,1
106312,20240328,1
106312,20231005,1
106312,20231026,1
106312,20230928,1
106312,20231020,2
106312,20231110,2
106312,20231229,2
106312,20231124,2
106312,20231222,2
106312,20240216,2
106312,20240308,2
106312,20230929,1
106312,20231027,1
106312,20231117,1
106312,20231215,1
106312,20240112,1
106312,20231208,1
106312,20240105,1
106312,20240202,1
106312,20240301,1
106312,20231013,1
106312,20231201,1
106312,20240126,1
106312,20240223,1
106312,20231006,1
106312,20231103,1
106312,20240322,1
106312,20240119,1
106312,20240315,1
106312,20240209,1
106312,20240329,1
103265,20231218,2
103265,20240101,2
103265,20240122,2
103265,20231225,2
103265,20240219,2
103265,20240115,2
103265,20240311,1
103265,20240304,1
103265,20231030,1
103265,20231002,1
103265,20231120,1
103265,20231023,1
103265,20231113,1
103265,20231211,1
103265,20240108,1
103265,20240205,1
103265,20231016,1
103265,20231106,1
103265,20231204,1
103265,20240129,1
103265,20240226,1
103265,20231009,1
103265,20231127,1
103265,20240325,1
103265,20240318,1
103265,20240212,1
103265,20240220,2
103265,20231219,2
103265,20231226,2
103265,20231031,1
103265,20240319,1
103265,20240116,1
103265,20240213,1
103265,20240312,1
103265,20240305,1
103265,20231003,1
103265,20231121,1
103265,20230926,1
103265,20231024,1
103265,20231114,1
103265,20231212,1
103265,20240206,1
103265,20240109,1
103265,20231017,1
103265,20231205,1
103265,20231107,1
103265,20240130,1
103265,20240102,1
103265,20240227,1
103265,20231010,1
103265,20231128,1
103265,20240326,1
103265,20240123,1
103265,20231227,2
103265,20240221,2
103265,20231220,2
103265,20231122,2
103265,20240131,1
103265,20240103,1
103265,20240228,1
103265,20231011,1
103265,20231129,1
103265,20240327,1
103265,20240124,1
103265,20231101,1
103265,20240320,1
103265,20240117,1
103265,20240214,1
103265,20240313,1
103265,20240306,1
103265,20240207,1
103265,20231004,1
103265,20230927,1
103265,20231025,1
103265,20231213,1
103265,20231115,1
103265,20240110,1
103265,20231018,1
103265,20231206,1
103265,20231108,1
103265,20231228,2
103265,20240222,2
103265,20231221,2
103265,20231123,2
103265,20231214,1
103265,20231116,1
103265,20240111,1
103265,20231019,1
103265,20231109,1
103265,20231207,1
103265,20240104,1
103265,20240201,1
103265,20240229,1
103265,20231012,1
103265,20231130,1
103265,20240125,1
103265,20231102,1
103265,20240321,1
103265,20240118,1
103265,20240215,1
103265,20240314,1
103265,20240307,1
103265,20240208,1
103265,20240328,1
103265,20231005,1
103265,20231026,1
103265,20230928,1
103265,20231110,2
103265,20231013,2
103265,20231229,2
103265,20240223,2
103265,20231124,2
103265,20231222,2
103265,20230929,1
103265,20231027,1
103265,20231117,1
103265,20231215,1
103265,20240112,1
103265,20231020,1
103265,20231208,1
103265,20240105,1
103265,20240202,1
103265,20240301,1
103265,20231201,1
103265,20240126,1
103265,20231006,1
103265,20231103,1
103265,20240322,1
103265,20240119,1
103265,20240216,1
103265,20240315,1
103265,20240308,1
103265,20240209,1
103265,20240329,1
103205,20231218,2
103205,20240101,2
103205,20231225,2
103205,20240219,2
103205,20240115,2
103205,20240311,1
103205,20240304,1
103205,20231030,1
103205,20231002,1
103205,20231120,1
103205,20231023,1
103205,20231113,1
103205,20231211,1
103205,20240108,1
103205,20240205,1
103205,20231016,1
103205,20231106,1
103205,20231204,1
103205,20240129,1
103205,20240226,1
103205,20231009,1
103205,20231127,1
103205,20240325,1
103205,20240122,1
103205,20240318,1
103205,20240212,1
103205,20231219,2
103205,20231226,2
103205,20240220,1
103205,20231031,1
103205,20240319,1
103205,20240116,1
103205,20240213,1
103205,20240312,1
103205,20240305,1
103205,20231003,1
103205,20231121,1
103205,20231024,1
103205,20231114,1
103205,20231212,1
103205,20240109,1
103205,20240206,1
103205,20231017,1
103205,20231205,1
103205,20231107,1
103205,20240130,1
103205,20240102,1
103205,20240227,1
103205,20231010,1
103205,20231128,1
103205,20240326,1
103205,20240123,1
103205,20231227,2
103205,20231220,2
103205,20240131,1
103205,20240103,1
103205,20240228,1
103205,20231011,1
103205,20231129,1
103205,20240327,1
103205,20240124,1
103205,20240221,1
103205,20231101,1
103205,20240320,1
103205,20240117,1
103205,20240214,1
103205,20240313,1
103205,20240306,1
103205,20240207,1
103205,20231004,1
103205,20231122,1
103205,20231025,1
103205,20231213,1
103205,20231115,1
103205,20240110,1
103205,20231018,1
103205,20231206,1
103205,20231108,1
103205,20231228,2
103205,20231221,2
103205,20240215,2
103205,20231123,2
103205,20231214,1
103205,20231116,1
103205,20240111,1
103205,20231019,1
103205,20231109,1
103205,20231207,1
103205,20240104,1
103205,20240201,1
103205,20240229,1
103205,20231012,1
103205,20231130,1
103205,20240125,1
103205,20240222,1
103205,20231102,1
103205,20240321,1
103205,20240118,1
103205,20240314,1
103205,20240307,1
103205,20240208,1
103205,20240328,1
103205,20231005,1
103205,20231026,1
103205,20231020,2
103205,20231110,2
103205,20231229,2
103205,20231124,2
103205,20231222,2
103205,20240216,2
103205,20240308,2
103205,20231027,1
103205,20231117,1
103205,20231215,1
103205,20240112,1
103205,20231208,1
103205,20240105,1
103205,20240202,1
103205,20240301,1
103205,20231013,1
103205,20231201,1
103205,20240126,1
103205,20240223,1
103205,20231006,1
103205,20231103,1
103205,20240322,1
103205,20240119,1
103205,20240315,1
103205,20240209,1
103205,20240329,1
100158,20231218,2
100158,20240101,2
100158,20240122,2
100158,20231225,2
100158,20240219,2
100158,20240115,2
100158,20240311,1
100158,20240304,1
100158,20231030,1
100158,20231002,1
100158,20231120,1
100158,20231023,1
100158,20231113,1
100158,20231211,1
100158,20240108,1
100158,20240205,1
100158,20231016,1
100158,20231106,1
100158,20231204,1
100158,20240129,1
100158,20240226,1
100158,20231009,1
100158,20231127,1
100158,20240325,1
100158,20240318,1
100158,20240212,1
100158,20240220,2
100158,20231219,2
100158,20231226,2
100158,20231031,1
100158,20240319,1
100158,20240116,1
100158,20240213,1
100158,20240312,1
100158,20240305,1
100158,20231003,1
100158,20231121,1
100158,20231024,1
100158,20231114,1
100158,20231212,1
100158,20240109,1
100158,20240206,1
100158,20231017,1
100158,20231205,1
100158,20231107,1
100158,20240130,1
100158,20240102,1
100158,20240227,1
100158,20231010,1
100158,20231128,1
100158,20240326,1
100158,20240123,1
100158,20231227,2
100158,20240221,2
100158,20231220,2
100158,20231122,2
100158,20240131,1
100158,20240103,1
100158,20240228,1
100158,20231011,1
100158,20231129,1
100158,20240327,1
100158,20240124,1
100158,20231101,1
100158,20240320,1
100158,20240117,1
100158,20240214,1
100158,20240313,1
100158,20240306,1
100158,20240207,1
100158,20231004,1
100158,20231025,1
100158,20231213,1
100158,20231115,1
100158,20240110,1
100158,20231018,1
100158,20231206,1
100158,20231108,1
100158,20231228,2
100158,20240222,2
100158,20231221,2
100158,20231123,2
100158,20231214,1
100158,20231116,1
100158,20240111,1
100158,20231019,1
100158,20231109,1
100158,20231207,1
100158,20240104,1
100158,20240201,1
100158,20240229,1
100158,20231012,1
100158,20231130,1
100158,20240125,1
100158,20231102,1
100158,20240321,1
100158,20240118,1
100158,20240215,1
100158,20240314,1
100158,20240307,1
100158,20240208,1
100158,20240328,1
100158,20231005,1
100158,20231026,1
100158,20231110,2
100158,20231013,2
100158,20231229,2
100158,20240223,2
100158,20231124,2
100158,20231222,2
100158,20231027,1
100158,20231117,1
100158,20231215,1
100158,20240112,1
100158,20231020,1
100158,20231208,1
100158,20240105,1
100158,20240202,1
100158,20240301,1
100158,20231201,1
100158,20240126,1
100158,20231006,1
100158,20231103,1
100158,20240322,1
100158,20240119,1
100158,20240216,1
100158,20240315,1
100158,20240209,1
100158,20240308,1
100158,20240329,1
98804,20231218,2
98804,20231120,2
98804,20240101,2
98804,20240122,2
98804,20231225,2
98804,20240219,2
98804,20240115,2
98804,20240311,1
98804,20240304,1
98804,20231030,1
98804,20231002,1
98804,20231023,1
98804,20231113,1
98804,20231211,1
98804,20240108,1
98804,20240205,1
98804,20231016,1
98804,20231106,1
98804,20231204,1
98804,20240129,1
98804,20240226,1
98804,20231009,1
98804,20231127,1
98804,20240325,1
98804,20240318,1
98804,20240212,1
98804,20240220,2
98804,20231219,2
98804,20231121,2
98804,20231226,2
98804,20231031,1
98804,20240319,1
98804,20240116,1
98804,20240213,1
98804,20240312,1
98804,20240305,1
98804,20231003,1
98804,20230926,1
98804,20231024,1
98804,20231114,1
98804,20231212,1
98804,20240109,1
98804,20240206,1
98804,20231017,1
98804,20231205,1
98804,20231107,1
98804,20240130,1
98804,20240102,1
98804,20240227,1
98804,20231010,1
98804,20231128,1
98804,20240326,1
98804,20240123,1
98804,20231227,2
98804,20240221,2
98804,20231220,2
98804,20231122,2
98804,20240131,1
98804,20240103,1
98804,20240228,1
98804,20231011,1
98804,20231129,1
98804,20240327,1
98804,20240124,1
98804,20231101,1
98804,20240320,1
98804,20240117,1
98804,20240214,1
98804,20240313,1
98804,20240306,1
98804,20240207,1
98804,20231004,1
98804,20230927,1
98804,20231025,1
98804,20231213,1
98804,20231115,1
98804,20240110,1
98804,20231018,1
98804,20231206,1
98804,20231108,1
98804,20231228,2
98804,20240222,2
98804,20231221,2
98804,20231123,2
98804,20231214,1
98804,20231116,1
98804,20240111,1
98804,20231019,1
98804,20231109,1
98804,20231207,1
98804,20240104,1
98804,20240201,1
98804,20240229,1
98804,20231012,1
98804,20231130,1
98804,20240125,1
98804,20231102,1
98804,20240321,1
98804,20240118,1
98804,20240215,1
98804,20240314,1
98804,20240307,1
98804,20240208,1
98804,20240328,1
98804,20231005,1
98804,20231026,1
98804,20230928,1
98804,20231027,2
98804,20231110,2
98804,20231013,2
98804,20231229,2
98804,20240223,2
98804,20231124,2
98804,20240322,2
98804,20231222,2
98804,20240209,2
98804,20230929,1
98804,20231117,1
98804,20231215,1
98804,20240112,1
98804,20231020,1
98804,20231208,1
98804,20240105,1
98804,20240202,1
98804,20240301,1
98804,20231201,1
98804,20240126,1
98804,20231006,1
98804,20231103,1
98804,20240119,1
98804,20240216,1
98804,20240315,1
98804,20240308,1
98804,20240329,1
95697,20231218,2
95697,20231120,2
95697,20240101,2
95697,20240122,2
95697,20231225,2
95697,20240219,2
95697,20240115,2
95697,20240311,1
95697,20240304,1
95697,20231030,1
95697,20231002,1
95697,20231023,1
95697,20231113,1
95697,20231211,1
95697,20240108,1
95697,20240205,1
95697,20231016,1
95697,20231106,1
95697,20231204,1
95697,20240129,1
95697,20240226,1
95697,20231009,1
95697,20231127,1
95697,20240325,1
95697,20240318,1
95697,20240212,1
95697,20240220,2
95697,20231219,2
95697,20231121,2
95697,20231226,2
95697,20231031,1
95697,20240319,1
95697,20240116,1
95697,20240213,1
95697,20240312,1
95697,20240305,1
95697,20231003,1
95697,20231024,1
95697,20231114,1
95697,20231212,1
95697,20240109,1
95697,20240206,1
95697,20231017,1
95697,20231205,1
95697,20231107,1
95697,20240130,1
95697,20240102,1
95697,20240227,1
95697,20231010,1
95697,20231128,1
95697,20240326,1
95697,20240123,1
95697,20231227,2
95697,20240221,2
95697,20231220,2
95697,20231122,2
95697,20240131,1
95697,20240103,1
95697,20240228,1
95697,20231011,1
95697,20231129,1
95697,20240327,1
95697,20240124,1
95697,20231101,1
95697,20240320,1
95697,20240117,1
95697,20240214,1
95697,20240313,1
95697,20240306,1
95697,20240207,1
95697,20231004,1
95697,20231025,1
95697,20231213,1
95697,20231115,1
95697,20240110,1
95697,20231018,1
95697,20231206,1
95697,20231108,1
95697,20231228,2
95697,20240222,2
95697,20231221,2
95697,20231123,2
95697,20231214,1
95697,20231116,1
95697,20240111,1
95697,20231019,1
95697,20231109,1
95697,20231207,1
95697,20240104,1
95697,20240201,1
95697,20240229,1
95697,20231012,1
95697,20231130,1
95697,20240125,1
95697,20231102,1
95697,20240321,1
95697,20240118,1
95697,20240215,1
95697,20240314,1
95697,20240307,1
95697,20240208,1
95697,20240328,1
95697,20231005,1
95697,20231026,1
95697,20231027,2
95697,20231110,2
95697,20231013,2
95697,20231229,2
95697,20240223,2
95697,20231124,2
95697,20240322,2
95697,20231222,2
95697,20240209,2
95697,20240308,1
95697,20231103,1
95697,20231215,1
95697,20231020,1
95697,20240216,1
95697,20231208,1
95697,20240202,1
95697,20231201,1
95697,20231006,1
95697,20240126,1
95697,20231117,1
95697,20240112,1
95697,20240119,1
95697,20240329,1
95697,20240105,1
95697,20240315,1
95697,20240301,1
82104,20231218,2
82104,20240101,2
82104,20231225,2
82104,20240219,2
82104,20240115,2
82104,20240311,1
82104,20240304,1
82104,20231030,1
82104,20231002,1
82104,20231120,1
82104,20231023,1
82104,20231113,1
82104,20231211,1
82104,20240108,1
82104,20240205,1
82104,20231016,1
82104,20231106,1
82104,20231204,1
82104,20240129,1
82104,20240226,1
82104,20231009,1
82104,20231127,1
82104,20240325,1
82104,20240122,1
82104,20240318,1
82104,20240212,1
82104,20231219,2
82104,20231226,2
82104,20240220,1
82104,20231031,1
82104,20240319,1
82104,20240116,1
82104,20240213,1
82104,20240312,1
82104,20240305,1
82104,20231003,1
82104,20231121,1
82104,20230926,1
82104,20231024,1
82104,20231114,1
82104,20231212,1
82104,20240206,1
82104,20240109,1
82104,20231017,1
82104,20231205,1
82104,20231107,1
82104,20240130,1
82104,20240102,1
82104,20240227,1
82104,20231010,1
82104,20231128,1
82104,20240326,1
82104,20240123,1
82104,20231228,2
82104,20231221,2
82104,20240215,2
82104,20231123,2
82104,20231214,1
82104,20231116,1
82104,20240111,1
82104,20231019,1
82104,20231109,1
82104,20231207,1
82104,20240104,1
82104,20240201,1
82104,20240229,1
82104,20231012,1
82104,20231130,1
82104,20240125,1
82104,20240222,1
82104,20231102,1
82104,20240321,1
82104,20240118,1
82104,20240314,1
82104,20240307,1
82104,20240208,1
82104,20240328,1
82104,20231005,1
82104,20231026,1
82104,20230928,1
82104,20231020,2
82104,20231110,2
82104,20231229,2
82104,20231124,2
82104,20231222,2
82104,20240216,2
82104,20240308,2
82104,20230929,1
82104,20231027,1
82104,20231117,1
82104,20231215,1
82104,20240112,1
82104,20231208,1
82104,20240105,1
82104,20240202,1
82104,20240301,1
82104,20231013,1
82104,20231201,1
82104,20240126,1
82104,20240223,1
82104,20231006,1
82104,20231103,1
82104,20240322,1
82104,20240119,1
82104,20240315,1
82104,20240209,1
82104,20240329,1
79986,20231218,2
79986,20240101,2
79986,20231225,2
79986,20240219,2
79986,20240115,2
79986,20240311,1
79986,20240304,1
79986,20231030,1
79986,20231002,1
79986,20231120,1
79986,20231023,1
79986,20231113,1
79986,20231211,1
79986,20240108,1
79986,20240205,1
79986,20231016,1
79986,20231106,1
79986,20231204,1
79986,20240129,1
79986,20240226,1
79986,20231009,1
79986,20231127,1
79986,20240325,1
79986,20240122,1
79986,20240318,1
79986,20240212,1
79986,20231219,2
79986,20231226,2
79986,20240220,1
79986,20231031,1
79986,20240319,1
79986,20240116,1
79986,20240213,1
79986,20240312,1
79986,20240305,1
79986,20231003,1
79986,20231121,1
79986,20231024,1
79986,20231114,1
79986,20231212,1
79986,20240109,1
79986,20240206,1
79986,20231017,1
79986,20231205,1
79986,20231107,1
79986,20240130,1
79986,20240102,1
79986,20240227,1
79986,20231010,1
79986,20231128,1
79986,20240326,1
79986,20240123,1
79986,20231228,2
79986,20231221,2
79986,20240215,2
79986,20231123,2
79986,20231214,1
79986,20231116,1
79986,20240111,1
79986,20231019,1
79986,20231109,1
79986,20231207,1
79986,20240104,1
79986,20240201,1
79986,20240229,1
79986,20231012,1
79986,20231130,1
79986,20240125,1
79986,20240222,1
79986,20231102,1
79986,20240321,1
79986,20240118,1
79986,20240314,1
79986,20240307,1
79986,20240208,1
79986,20240328,1
79986,20231005,1
79986,20231026,1
79986,20231020,2
79986,20231110,2
79986,20231229,2
79986,20231124,2
79986,20231222,2
79986,20240216,2
79986,20240308,2
79986,20231027,1
79986,20231117,1
79986,20231215,1
79986,20240112,1
79986,20231208,1
79986,20240105,1
79986,20240202,1
79986,20240301,1
79986,20231013,1
79986,20231201,1
79986,20240126,1
79986,20240223,1
79986,20231006,1
79986,20231103,1
79986,20240322,1
79986,20240119,1
79986,20240315,1
79986,20240209,1
79986,20240329,1
37998,20240311,2
37998,20240304,2
37998,20231030,2
37998,20231120,2
37998,20231023,2
37998,20231113,2
37998,20231211,2
37998,20240205,2
37998,20240108,2
37998,20231016,2
37998,20231106,2
37998,20231204,2
37998,20240101,2
37998,20240129,2
37998,20240226,2
37998,20231009,2
37998,20231127,2
37998,20240325,2
37998,20240122,2
37998,20231225,2
37998,20240318,2
37998,20240212,2
37998,20240115,1
37998,20240219,1
37998,20231218,1
37998,20240220,2
37998,20231031,2
37998,20240319,2
37998,20240116,2
37998,20240213,2
37998,20240312,2
37998,20240305,2
37998,20231121,2
37998,20231024,2
37998,20231114,2
37998,20231212,2
37998,20240206,2
37998,20240109,2
37998,20231017,2
37998,20231205,2
37998,20231107,2
37998,20240130,2
37998,20240102,2
37998,20240227,2
37998,20231010,2
37998,20231128,2
37998,20240326,2
37998,20240123,2
37998,20231226,1
37998,20231219,1
37998,20231214,2
37998,20231116,2
37998,20240111,2
37998,20231019,2
37998,20231109,2
37998,20231207,2
37998,20240201,2
37998,20240104,2
37998,20240229,2
37998,20231012,2
37998,20231130,2
37998,20240125,2
37998,20240222,2
37998,20231102,2
37998,20240321,2
37998,20240118,2
37998,20240314,2
37998,20240307,2
37998,20240208,2
37998,20231005,2
37998,20231123,2
37998,20231026,2
37998,20240215,1
37998,20231228,1
37998,20231221,1
37998,20231027,2
37998,20231117,2
37998,20231215,2
37998,20240112,2
37998,20231208,2
37998,20240202,2
37998,20240105,2
37998,20240301,2
37998,20231013,2
37998,20231201,2
37998,20240126,2
37998,20240223,2
37998,20231006,2
37998,20231103,2
37998,20240322,2
37998,20240119,2
37998,20240315,2
37998,20240209,2
37998,20240308,1
37998,20231124,1
37998,20231020,1
37998,20240216,1
37998,20231229,1
37998,20231110,1
37998,20231222,1
31023,20240311,2
31023,20240304,2
31023,20231030,2
31023,20231002,2
31023,20231218,2
31023,20231120,2
31023,20231023,2
31023,20231113,2
31023,20231211,2
31023,20240205,2
31023,20240108,2
31023,20231016,2
31023,20231106,2
31023,20231204,2
31023,20240129,2
31023,20240101,2
31023,20240226,2
31023,20231009,2
31023,20231127,2
31023,20240122,2
31023,20231225,2
31023,20240318,2
31023,20240212,2
31023,20240115,1
31023,20240219,1
31023,20231027,2
31023,20231117,2
31023,20231215,2
31023,20240112,2
31023,20231020,2
31023,20231110,2
31023,20231208,2
31023,20240202,2
31023,20240105,2
31023,20240301,2
31023,20231013,2
31023,20231201,2
31023,20240126,2
31023,20231229,2
31023,20240223,2
31023,20231006,2
31023,20231103,2
31023,20240322,2
31023,20240119,2
31023,20231222,2
31023,20240216,2
31023,20240315,2
31023,20240308,2
31023,20240209,2
31023,20231124,1
27546,20240311,2
27546,20240304,2
27546,20231030,2
27546,20231002,2
27546,20231218,2
27546,20231120,2
27546,20231023,2
27546,20231113,2
27546,20231211,2
27546,20240205,2
27546,20240108,2
27546,20231016,2
27546,20231106,2
27546,20231204,2
27546,20240129,2
27546,20240226,2
27546,20231009,2
27546,20231127,2
27546,20240122,2
27546,20240318,2
27546,20240212,2
27546,20240115,1
27546,20240219,1
27546,20240101,1
27546,20231225,1
27546,20231214,2
27546,20231116,2
27546,20240111,2
27546,20231019,2
27546,20231109,2
27546,20231207,2
27546,20240201,2
27546,20240104,2
27546,20240229,2
27546,20231012,2
27546,20231130,2
27546,20231228,2
27546,20240125,2
27546,20240222,2
27546,20231102,2
27546,20240321,2
27546,20231221,2
27546,20240118,2
27546,20240215,2
27546,20240314,2
27546,20240307,2
27546,20240208,2
27546,20231005,2
27546,20231026,2
27546,20231123,1
25841,20240311,2
25841,20240304,2
25841,20231030,2
25841,20231002,2
25841,20231218,2
25841,20231120,2
25841,20231023,2
25841,20231113,2
25841,20231211,2
25841,20240205,2
25841,20240108,2
25841,20231016,2
25841,20231106,2
25841,20231204,2
25841,20240129,2
25841,20240226,2
25841,20231009,2
25841,20231127,2
25841,20240122,2
25841,20231225,2
25841,20240318,2
25841,20240212,2
25841,20240115,1
25841,20240219,1
25841,20240101,1
25201,20240311,2
25201,20240304,2
25201,20231030,2
25201,20231002,2
25201,20231218,2
25201,20231120,2
25201,20231023,2
25201,20231113,2
25201,20231211,2
25201,20240205,2
25201,20240108,2
25201,20231016,2
25201,20231106,2
25201,20231204,2
25201,20240129,2
25201,20240226,2
25201,20231009,2
25201,20231127,2
25201,20240122,2
25201,20240219,2
25201,20240318,2
25201,20240115,2
25201,20240212,2
25201,20240101,1
25201,20231225,1
25201,20231214,2
25201,20231116,2
25201,20240111,2
25201,20231019,2
25201,20231109,2
25201,20231207,2
25201,20240201,2
25201,20240104,2
25201,20240229,2
25201,20231012,2
25201,20231130,2
25201,20231228,2
25201,20240125,2
25201,20240222,2
25201,20231102,2
25201,20240321,2
25201,20231221,2
25201,20240118,2
25201,20240215,2
25201,20240314,2
25201,20240307,2
25201,20240208,2
25201,20231005,2
25201,20231026,2
25201,20231123,1
24128,20231227,2
24128,20231220,2
24128,20231122,2
24128,20240131,1
24128,20240103,1
24128,20240228,1
24128,20231011,1
24128,20231129,1
24128,20240327,1
24128,20240124,1
24128,20240221,1
24128,20231101,1
24128,20240320,1
24128,20240117,1
24128,20240214,1
24128,20240313,1
24128,20240306,1
24128,20240207,1
24128,20231004,1
24128,20230927,1
24128,20231025,1
24128,20231213,1
24128,20231115,1
24128,20240110,1
24128,20231018,1
24128,20231206,1
24128,20231108,1
23139,20231227,2
23139,20231220,2
23139,20231122,2
23139,20240131,1
23139,20240103,1
23139,20240228,1
23139,20231011,1
23139,20231129,1
23139,20240327,1
23139,20240124,1
23139,20240221,1
23139,20231101,1
23139,20240320,1
23139,20240117,1
23139,20240214,1
23139,20240313,1
23139,20240306,1
23139,20240207,1
23139,20231004,1
23139,20231025,1
23139,20231213,1
23139,20231115,1
23139,20240110,1
23139,20231018,1
23139,20231206,1
23139,20231108,1
22287,20240311,2
22287,20240304,2
22287,20231030,2
22287,20231023,2
22287,20231113,2
22287,20231211,2
22287,20240108,2
22287,20240205,2
22287,20231016,2
22287,20231106,2
22287,20231204,2
22287,20240101,2
22287,20240129,2
22287,20240226,2
22287,20231127,2
22287,20231225,2
22287,20240318,2
22287,20240212,2
22287,20240115,1
22287,20231120,1
22287,20240219,1
22287,20231218,1
22287,20240122,1
22287,20231031,2
22287,20240319,2
22287,20240116,2
22287,20240213,2
22287,20240312,2
22287,20240305,2
22287,20231024,2
22287,20231114,2
22287,20231212,2
22287,20240109,2
22287,20240206,2
22287,20231017,2
22287,20231205,2
22287,20231107,2
22287,20240130,2
22287,20240102,2
22287,20240227,2
22287,20231128,2
22287,20240123,2
22287,20231226,1
22287,20231219,1
22287,20231121,1
22287,20240220,1
22287,20240131,2
22287,20240103,2
22287,20240228,2
22287,20231129,2
22287,20240124,2
22287,20231101,2
22287,20240320,2
22287,20240117,2
22287,20240214,2
22287,20240313,2
22287,20240306,2
22287,20240207,2
22287,20231025,2
22287,20231213,2
22287,20231115,2
22287,20240110,2
22287,20231018,2
22287,20231206,2
22287,20231108,2
22287,20231122,1
22287,20240221,1
22287,20231227,1
22287,20231220,1
22287,20231214,2
22287,20231116,2
22287,20240111,2
22287,20231019,2
22287,20231109,2
22287,20231207,2
22287,20240104,2
22287,20240201,2
22287,20240229,2
22287,20231130,2
22287,20240125,2
22287,20231102,2
22287,20240321,2
22287,20240118,2
22287,20240215,2
22287,20240314,2
22287,20240307,2
22287,20240208,2
22287,20231123,2
22287,20231026,2
22287,20231228,1
22287,20231221,1
22287,20240222,1
22287,20231117,2
22287,20231215,2
22287,20240112,2
22287,20231020,2
22287,20231208,2
22287,20240105,2
22287,20240202,2
22287,20240301,2
22287,20231201,2
22287,20240126,2
22287,20231103,2
22287,20240119,2
22287,20240216,2
22287,20240315,2
22287,20240308,2
22287,20231027,1
22287,20231229,1
22287,20240223,1
22287,20231222,1
22287,20231013,1
22287,20240209,1
22287,20231124,1
22287,20240322,1
22287,20231110,1
17826,20231030,2
17826,20231120,2
17826,20231023,2
17826,20231113,2
17826,20231211,2
17826,20240108,2
17826,20240205,2
17826,20231016,2
17826,20231106,2
17826,20231204,2
17826,20240101,2
17826,20240129,2
17826,20231127,2
17826,20231225,2
17826,20240212,2
17826,20240115,1
17826,20240219,1
17826,20231218,1
17826,20240122,1
17826,20231031,2
17826,20240116,2
17826,20240213,2
17826,20231121,2
17826,20231024,2
17826,20231114,2
17826,20231212,2
17826,20240109,2
17826,20240206,2
17826,20231017,2
17826,20231205,2
17826,20231107,2
17826,20240130,2
17826,20240102,2
17826,20231128,2
17826,20240123,2
17826,20231226,1
17826,20231219,1
17826,20240220,1
17826,20240131,2
17826,20240103,2
17826,20231129,2
17826,20240124,2
17826,20231101,2
17826,20240117,2
17826,20240214,2
17826,20240207,2
17826,20231025,2
17826,20231213,2
17826,20231115,2
17826,20240110,2
17826,20231018,2
17826,20231206,2
17826,20231108,2
17826,20231122,1
17826,20240221,1
17826,20231227,1
17826,20231220,1
17826,20231214,2
17826,20231116,2
17826,20240111,2
17826,20231019,2
17826,20231109,2
17826,20231207,2
17826,20240104,2
17826,20240201,2
17826,20231130,2
17826,20240125,2
17826,20231102,2
17826,20240118,2
17826,20240215,2
17826,20240208,2
17826,20231123,2
17826,20231026,2
17826,20231228,1
17826,20231221,1
17826,20240222,1
17826,20231027,2
17826,20231117,2
17826,20231215,2
17826,20240112,2
17826,20231020,2
17826,20231208,2
17826,20240105,2
17826,20240202,2
17826,20231201,2
17826,20240126,2
17826,20231103,2
17826,20240119,2
17826,20240216,2
17826,20240209,2
17826,20231124,1
17826,20240223,1
17826,20231229,1
17826,20231110,1
17826,20231013,1
17826,20231222,1
14779,20240304,2
14779,20231030,2
14779,20231120,2
14779,20231023,2
14779,20231113,2
14779,20231211,2
14779,20240108,2
14779,20240205,2
14779,20231106,2
14779,20231204,2
14779,20240101,2
14779,20240129,2
14779,20240226,2
14779,20231127,2
14779,20240122,2
14779,20231225,2
14779,20240212,2
14779,20240115,1
14779,20240219,1
14779,20231218,1
14779,20240220,2
14779,20231031,2
14779,20240116,2
14779,20240213,2
14779,20240305,2
14779,20231121,2
14779,20231024,2
14779,20231114,2
14779,20231212,2
14779,20240109,2
14779,20240206,2
14779,20231205,2
14779,20231107,2
14779,20240130,2
14779,20240102,2
14779,20240227,2
14779,20231128,2
14779,20240123,2
14779,20231226,1
14779,20231219,1
14779,20240131,2
14779,20240103,2
14779,20240228,2
14779,20231129,2
14779,20240124,2
14779,20240221,2
14779,20231101,2
14779,20240117,2
14779,20240214,2
14779,20240306,2
14779,20240207,2
14779,20231122,2
14779,20231025,2
14779,20231213,2
14779,20231115,2
14779,20240110,2
14779,20231206,2
14779,20231108,2
14779,20231227,1
14779,20231220,1
14779,20231214,2
14779,20231116,2
14779,20240111,2
14779,20231109,2
14779,20231207,2
14779,20240104,2
14779,20240201,2
14779,20240229,2
14779,20231130,2
14779,20240125,2
14779,20240222,2
14779,20231102,2
14779,20240118,2
14779,20240307,2
14779,20240208,2
14779,20231123,2
14779,20231026,2
14779,20240215,1
14779,20231228,1
14779,20231221,1
14779,20231027,2
14779,20231117,2
14779,20231215,2
14779,20240112,2
14779,20231208,2
14779,20240105,2
14779,20240202,2
14779,20240301,2
14779,20231201,2
14779,20240126,2
14779,20240223,2
14779,20231103,2
14779,20240119,2
14779,20240209,2
14779,20240308,1
14779,20231124,1
14779,20231020,1
14779,20240216,1
14779,20231229,1
14779,20231110,1
14779,20231222,1
